<Hierarchy>:
	<Frame>: 0 3 CylinderBase3_(1)
		<Transform>: 0 0 0 0 0 0 12 12 12 0 0 0 1  
		<TransformMatrix>: 12 0 0 0 0 12 0 0 0 0 12 0 0 0 0 1  
		<Children>: 3
			<Frame>: 1 0 LP_Cylinder_Base.006
				<Transform>: -2.87359 -0.3544075 -7.380692 9.334668E-06 0 0 1 1 1 8.146034E-08 0 0 1  
				<TransformMatrix>: 1 0 0 0 0 1 1.629207E-07 0 0 -1.629207E-07 1 0 -2.87359 -0.3544075 -7.380692 1  
				<Mesh>: 150 LP_Cylinder_Base.006
					<Bounds>: 2.870755 0.7467897 7.386206 0.2483556 0.3569503 0.2421293
					<Positions>: 150 2.73139 1.10374 7.560964 2.669368 1.10374 7.483189 2.653547 1.096879 7.490808 2.720443 1.096879 7.574692 2.821017 1.10374 7.604125 2.817109 1.096879 7.621244 2.920493 1.10374 7.604125 2.924401 1.096879 7.621244 3.010119 1.10374 7.560964 3.021067 1.096879 7.574692 3.072142 1.10374 7.483189 3.087963 1.096879 7.490808 3.094278 1.10374 7.386206 3.111837 1.096879 7.386206 3.072142 1.10374 7.289223 3.087963 1.096879 7.281604 3.010119 1.10374 7.211449 3.021067 1.096879 7.197721 2.920493 1.10374 7.168288 2.924401 1.096879 7.151169 2.821017 1.10374 7.168288 2.817109 1.096879 7.151169 2.73139 1.10374 7.211449 2.720443 1.096879 7.197721 2.669368 1.10374 7.289223 2.653547 1.096879 7.281604 2.647231 1.10374 7.386206 2.629673 1.096879 7.386206 2.669368 1.10374 7.483189 2.653547 1.096879 7.490808 2.720443 1.096879 7.574692 2.653547 1.096879 7.490808 2.646994 1.080316 7.493965 2.715908 1.080316 7.580378 2.817109 1.096879 7.621244 2.715908 0.413263 7.580378 2.646994 0.413263 7.493965 2.653547 0.3967 7.490808 2.720443 0.3967 7.574692 2.81549 0.413263 7.628335 2.817109 0.3967 7.621244 2.81549 1.080316 7.628335 2.924401 1.096879 7.621244 2.926019 0.413263 7.628335 2.924401 0.3967 7.621244 2.926019 1.080316 7.628335 3.021067 1.096879 7.574692 3.025602 0.413263 7.580378 3.021067 0.3967 7.574692 3.025602 1.080316 7.580378 3.087963 1.096879 7.490808 3.094516 0.413263 7.493963 3.087963 0.3967 7.490808 3.094516 1.080316 7.493963 3.111837 1.096879 7.386206 3.119111 0.413263 7.386206 3.111837 0.3967 7.386206 3.119111 1.080316 7.386206 3.087963 1.096879 7.281604 3.094516 0.413263 7.278448 3.087963 0.3967 7.281604 3.094516 1.080316 7.278448 3.021067 1.096879 7.197721 3.025602 0.413263 7.192034 3.021067 0.3967 7.197721 3.025602 1.080316 7.192034 2.924401 1.096879 7.151169 2.926019 0.413263 7.144077 2.924401 0.3967 7.151169 2.926019 1.080316 7.144077 2.817109 1.096879 7.151169 2.81549 0.413263 7.144077 2.817109 0.3967 7.151169 2.81549 1.080316 7.144077 2.720443 1.096879 7.197721 2.715908 0.413263 7.192034 2.720443 0.3967 7.197721 2.715908 1.080316 7.192034 2.653547 1.096879 7.281604 2.646994 0.413263 7.278448 2.653547 0.3967 7.281604 2.646994 1.080316 7.278448 2.629673 1.096879 7.386206 2.622399 0.413263 7.386206 2.629673 0.3967 7.386206 2.622399 1.080316 7.386206 2.653547 1.096879 7.490808 2.646994 1.080316 7.493965 2.646994 0.413263 7.493965 2.653547 0.3967 7.490808 2.720443 0.3967 7.574692 2.653547 0.3967 7.490808 2.669368 0.3898394 7.483189 2.73139 0.3898394 7.560964 2.817109 0.3967 7.621244 2.821016 0.3898394 7.604125 2.924401 0.3967 7.621244 2.920493 0.3898394 7.604125 3.021067 0.3967 7.574692 3.010119 0.3898394 7.560964 3.087963 0.3967 7.490808 3.072142 0.3898394 7.483189 3.111837 0.3967 7.386206 3.094278 0.3898394 7.386206 3.087963 0.3967 7.281604 3.072142 0.3898394 7.289223 3.021067 0.3967 7.197721 3.010119 0.3898394 7.211449 2.924401 0.3967 7.151169 2.920493 0.3898394 7.168288 2.817109 0.3967 7.151169 2.821016 0.3898394 7.168288 2.720443 0.3967 7.197721 2.73139 0.3898394 7.211449 2.653547 0.3967 7.281604 2.669368 0.3898394 7.289223 2.629673 0.3967 7.386206 2.647232 0.3898394 7.386206 2.653547 0.3967 7.490808 2.669368 0.3898394 7.483189 2.647232 0.3898394 7.386206 2.669368 0.3898394 7.289223 2.870755 0.3898394 7.386206 2.669368 0.3898394 7.483189 2.73139 0.3898394 7.211449 2.73139 0.3898394 7.560964 2.821016 0.3898394 7.168288 2.821016 0.3898394 7.604125 2.920493 0.3898394 7.168288 2.920493 0.3898394 7.604125 3.010119 0.3898394 7.211449 3.010119 0.3898394 7.560964 3.072142 0.3898394 7.289223 3.072142 0.3898394 7.483189 3.094278 0.3898394 7.386206 2.870755 1.10374 7.386206 2.669368 1.10374 7.289223 2.647231 1.10374 7.386206 2.73139 1.10374 7.211449 2.669368 1.10374 7.483189 2.821017 1.10374 7.168288 2.73139 1.10374 7.560964 2.920493 1.10374 7.168288 2.821017 1.10374 7.604125 3.010119 1.10374 7.211449 2.920493 1.10374 7.604125 3.072142 1.10374 7.289223 3.010119 1.10374 7.560964 3.094278 1.10374 7.386206 3.072142 1.10374 7.483189  
					<Colors>: 0  
					<TextureCoords0>: 150 0.02790213 0.08348989 0.02687773 0.04040396 0.03440614 0.03823078 0.03528081 0.08320475 0.02753088 0.1286795 0.03489858 0.1287211 0.02696885 0.1742918 0.03433512 0.1744034 0.02640039 0.2200041 0.03376657 0.2201286 0.02585833 0.2657422 0.033225 0.2658645 0.02534026 0.3114849 0.03270698 0.3116027 0.02483766 0.3572275 0.03220467 0.3573406 0.02434735 0.40297 0.03171431 0.4030789 0.02387102 0.4487122 0.0312376 0.4488168 0.02341539 0.4944507 0.03078112 0.4945533 0.0229878 0.5401714 0.03035055 0.5402828 0.02257606 0.585822 0.02992824 0.5859876 0.02209288 0.6311682 0.02939144 0.6316069 0.02034706 0.6744366 0.0277157 0.6767606 0.03528081 0.08320475 0.03440614 0.03823078 0.0402398 0.03717566 0.04085772 0.08297336 0.03489858 0.1287211 0.2343654 0.08498013 0.2358104 0.0389052 0.241592 0.04013121 0.2399157 0.08528489 0.2337645 0.1307901 0.2393788 0.1309043 0.04051892 0.1287252 0.03433512 0.1744034 0.2333267 0.1765412 0.238956 0.1766088 0.03996563 0.1744658 0.03376657 0.2201286 0.2328917 0.2222793 0.2385252 0.2223382 0.0394001 0.2202026 0.033225 0.2658645 0.2324338 0.2680145 0.2380686 0.2680745 0.03885971 0.2659378 0.03270698 0.3116027 0.2319566 0.3137494 0.2375918 0.3138126 0.03834204 0.3116726 0.03220467 0.3573406 0.2314661 0.359484 0.2371015 0.3595505 0.03783992 0.357407 0.03171431 0.4030789 0.2309641 0.4052188 0.2365992 0.4052885 0.03734954 0.4031421 0.0312376 0.4488168 0.2304466 0.4509534 0.2360814 0.4510266 0.03687246 0.4488773 0.03078112 0.4945533 0.2299063 0.4966883 0.2355399 0.4967623 0.03641467 0.4946124 0.03035055 0.5402828 0.229341 0.5424249 0.2349715 0.5424874 0.03597984 0.5403503 0.02992824 0.5859876 0.228788 0.5881654 0.2344083 0.5881698 0.03554244 0.5861018 0.02939144 0.6316069 0.2284495 0.6339172 0.2340265 0.6336858 0.03494193 0.6319116 0.0277157 0.6767606 0.03349724 0.677987 0.2290679 0.6797154 0.2349015 0.67866 0.2399157 0.08528489 0.241592 0.04013121 0.2489606 0.04245532 0.2472144 0.08572364 0.2393788 0.1309043 0.246731 0.1310698 0.238956 0.1766088 0.2463191 0.1767201 0.2385252 0.2223382 0.2458909 0.2224405 0.2380686 0.2680745 0.2454353 0.2681794 0.2375918 0.3138126 0.2449588 0.3139216 0.2371015 0.3595505 0.2444684 0.359664 0.2365992 0.4052885 0.243966 0.4054064 0.2360814 0.4510266 0.2434478 0.451149 0.2355399 0.4967623 0.2429061 0.4968866 0.2349715 0.5424874 0.2423375 0.542599 0.2344083 0.5881698 0.2417758 0.5882111 0.2340265 0.6336858 0.2414053 0.6334006 0.2349015 0.67866 0.2424298 0.6764865 0.3850904 0.2116939 0.4019127 0.239258 0.3331183 0.2623277 0.3579743 0.1941583 0.4051096 0.2713913 0.3259351 0.1901245 0.3940476 0.3017296 0.2953188 0.2003917 0.3709181 0.3242637 0.2721893 0.2229259 0.3403015 0.3345308 0.2611271 0.2532641 0.3082625 0.3304971 0.264324 0.2853976 0.2811464 0.3129617 0.3451277 0.09454727 0.4230511 0.0877744 0.4182732 0.1222548 0.4123957 0.05463535 0.3990075 0.1512476 0.3884167 0.0294013 0.3690704 0.1690102 0.3558641 0.01707029 0.3343911 0.1720241 0.321185 0.02008462 0.3018385 0.1596931 0.2912479 0.03784692 0.2778596 0.1344594 0.2719823 0.06683969 0.2672042 0.1013203  
					<TextureCoords1>: 0  
					<Normals>: 150 -0.02378698 0.9992717 0.0298386 -0.0343856 0.9992715 0.01655663 -0.3278767 0.9314318 0.1578976 -0.2268961 0.931432 0.2845216 -0.008491668 0.9992715 0.03720718 -0.08097867 0.9314318 0.354792 0.008494046 0.9992717 0.03720103 0.08097882 0.9314323 0.3547903 0.02379221 0.9992716 0.0298373 0.2268934 0.931434 0.2845174 0.03437622 0.9992719 0.0165497 0.327866 0.9314364 0.1578931 0.03815769 0.9992717 -4.323677E-07 0.3639044 0.9314362 -6.559443E-07 0.03437421 0.9992718 -0.0165594 0.3278709 0.9314348 -0.1578921 0.02379361 0.9992716 -0.02983749 0.2268971 0.9314328 -0.2845181 0.008486666 0.9992718 -0.03720163 0.08097991 0.9314331 -0.3547881 -0.008492667 0.9992716 -0.03720571 -0.08098018 0.9314327 -0.3547892 -0.0237988 0.9992716 -0.02983211 -0.2269013 0.93143 -0.2845237 -0.03438874 0.9992715 -0.01655623 -0.3278813 0.9314302 -0.1578979 -0.03816126 0.9992716 5.360693E-06 -0.3639188 0.9314306 0 -0.0343856 0.9992715 0.01655663 -0.3278767 0.9314318 0.1578976 -0.5708642 0.4020849 0.7158505 -0.8249286 0.4020877 0.3972636 -0.9009476 0.00971332 0.433819 -0.623423 0.009713245 0.7818244 -0.2037378 0.4020973 0.8926415 -0.6234612 -0.009711684 0.781794 -0.9009254 -0.009713934 0.4338653 -0.8249281 -0.4020892 0.3972631 -0.5708656 -0.4020821 0.7158509 -0.2225127 -0.009716137 0.9748814 -0.2037423 -0.402095 0.8926414 -0.2225336 0.009717256 0.9748766 0.2037495 0.4020829 0.8926452 0.2225109 -0.009714856 0.9748818 0.2037439 -0.4020923 0.8926422 0.2225534 0.009710159 0.9748721 0.5708755 0.4020541 0.7158588 0.6234602 -0.009704888 0.7817948 0.5708693 -0.4020688 0.7158554 0.6235606 0.009697573 0.7817149 0.824938 0.4020533 0.3972788 0.9009278 -0.009702057 0.4338606 0.8249335 -0.4020659 0.3972755 0.9008922 0.009695511 0.4339347 0.9156124 0.4020623 -2.292102E-07 0.9999529 -0.009706512 -4.325861E-07 0.9156072 -0.402074 -9.0767E-07 0.999953 0.009700821 1.817185E-05 0.8249339 0.4020754 -0.3972649 0.9009264 -0.009713232 -0.4338633 0.8249288 -0.4020886 -0.3972623 0.9009335 0.009706244 -0.4338487 0.5708692 0.4020883 -0.7158446 0.6234563 -0.009719327 -0.7817977 0.5708642 -0.4021 -0.715842 0.6234651 0.009713485 -0.7817908 0.2037437 0.4020972 -0.8926401 0.2225078 -0.009721368 -0.9748824 0.203739 -0.4021041 -0.892638 0.2225146 0.009718001 -0.974881 -0.2037336 0.4021101 -0.8926366 -0.2225095 -0.009722576 -0.974882 -0.2037373 -0.4021068 -0.8926373 -0.2224955 0.009724289 -0.9748853 -0.570863 0.402106 -0.7158396 -0.6234591 -0.009719984 -0.7817957 -0.570864 -0.4021021 -0.7158409 -0.6234435 0.009722068 -0.7818079 -0.8249282 0.4020908 -0.3972612 -0.9009197 -0.009716585 -0.4338771 -0.8249272 -0.4020935 -0.3972606 -0.9009169 0.00971523 -0.433883 -0.9155996 0.4020912 -1.531121E-06 -0.9999528 -0.009716183 -1.344671E-06 -0.9155991 -0.4020923 -1.558625E-06 -0.9999528 0.009715571 -1.627672E-05 -0.8249286 0.4020877 0.3972636 -0.9009476 0.00971332 0.433819 -0.9009254 -0.009713934 0.4338653 -0.8249281 -0.4020892 0.3972631 -0.2268993 -0.9314299 0.2845258 -0.3278809 -0.9314299 0.1579006 -0.03438952 -0.9992713 0.0165557 -0.02379837 -0.9992716 0.02983361 -0.08097969 -0.9314299 0.3547964 -0.008497481 -0.9992715 0.03720869 0.08098081 -0.9314302 0.3547955 0.008488342 -0.9992716 0.03720537 0.2268979 -0.9314311 0.2845234 0.02379052 -0.9992715 0.02984419 0.3278741 -0.9314328 0.157897 0.03437771 -0.9992717 0.01655911 0.3639129 -0.931433 -4.171688E-07 0.03816241 -0.9992716 4.116446E-06 0.3278775 -0.9314317 -0.1578965 0.03438227 -0.9992717 -0.0165538 0.2269005 -0.9314299 -0.2845246 0.02380086 -0.9992713 -0.02983713 0.08098085 -0.9314306 -0.3547947 0.008495335 -0.9992716 -0.03720365 -0.08097974 -0.9314305 -0.3547953 -0.008489594 -0.9992715 -0.03721009 -0.2269031 -0.9314286 -0.2845271 -0.02379171 -0.9992715 -0.0298406 -0.327884 -0.9314287 -0.1579002 -0.03438848 -0.9992713 -0.01656183 -0.363923 -0.931429 -2.085843E-07 -0.03816359 -0.9992716 -5.014242E-06 -0.3278809 -0.9314299 0.1579006 -0.03438952 -0.9992713 0.0165557 -0.03816359 -0.9992716 -5.014242E-06 -0.03438848 -0.9992713 -0.01656183 0 -1 0 -0.03438952 -0.9992713 0.0165557 -0.02379171 -0.9992715 -0.0298406 -0.02379837 -0.9992716 0.02983361 -0.008489594 -0.9992715 -0.03721009 -0.008497481 -0.9992715 0.03720869 0.008495335 -0.9992716 -0.03720365 0.008488342 -0.9992716 0.03720537 0.02380086 -0.9992713 -0.02983713 0.02379052 -0.9992715 0.02984419 0.03438227 -0.9992717 -0.0165538 0.03437771 -0.9992717 0.01655911 0.03816241 -0.9992716 4.116446E-06 0 1 0 -0.03438874 0.9992715 -0.01655623 -0.03816126 0.9992716 5.360693E-06 -0.0237988 0.9992716 -0.02983211 -0.0343856 0.9992715 0.01655663 -0.008492667 0.9992716 -0.03720571 -0.02378698 0.9992717 0.0298386 0.008486666 0.9992718 -0.03720163 -0.008491668 0.9992715 0.03720718 0.02379361 0.9992716 -0.02983749 0.008494046 0.9992717 0.03720103 0.03437421 0.9992718 -0.0165594 0.02379221 0.9992716 0.0298373 0.03815769 0.9992717 -4.323677E-07 0.03437622 0.9992719 0.0165497  
					<Tangents>: 150 -0.579467 -0.03810323 0.8141044 -0.7239033 -0.0363249 0.6889445 -0.688521 -0.3500397 0.6351466 -0.5624403 -0.3638174 0.7424942 -0.208276 -0.03815991 0.9773254 -0.2353592 -0.3637639 0.9012669 0.2093843 -0.03815503 0.9770887 0.1952958 -0.3638872 0.9107391 0.5951141 -0.03813835 0.8027357 0.5899482 -0.3638849 0.7207974 0.8845437 -0.0381289 0.4648964 0.8443679 -0.3638778 0.3932375 0.9986771 -0.038135 0.03449361 0.931362 -0.3638754 -0.01262536 0.9145218 -0.03813274 -0.4027354 0.8334181 -0.3638768 -0.4159423 0.6488078 -0.03814154 -0.7599959 0.5700083 -0.3638793 -0.7366698 0.2543036 -0.03813658 -0.9663721 0.1934632 -0.3638762 -0.9111345 -0.1904552 -0.03814236 -0.9809546 -0.2211992 -0.3638764 -0.9048011 -0.5963675 -0.03814019 -0.8018048 -0.590791 -0.3638899 -0.7201042 -0.8821588 -0.03813574 -0.4694054 -0.8412835 -0.3639159 -0.3997591 -0.9965245 -0.03805593 -0.0740983 -0.9306266 -0.3636047 -0.04154099 -0.9924315 -0.03609497 0.1173745 -0.929106 -0.3481838 0.1246202 -0.2214694 -0.91497 0.3373144 -0.2958374 -0.90601 0.3026978 0.02203251 -0.997436 0.06808954 0.002602092 -0.9998915 0.01449736 -0.081784 -0.9155685 0.3937584 -0.01224545 -0.9996789 -0.02218376 -0.02973956 -0.9960173 -0.08405463 0.2860727 -0.9031618 -0.3200956 0.2138257 -0.9146003 -0.343198 -0.005228258 -0.9999241 -0.01115904 0.06687742 -0.9153524 -0.3970608 -0.009751883 -0.9999225 0.007740843 0.09014025 -0.9156031 0.3918491 -0.005906559 -0.9999454 -0.00861645 -0.1064194 -0.9154607 -0.3880808 -0.0100605 -0.9998742 0.01225587 0.2433524 -0.9155758 0.3201569 -0.008503797 -0.999948 -0.005631439 -0.2634598 -0.9154866 -0.3040942 0 -0.9999151 0.01302805 0.354303 -0.9154655 0.1907676 -0.01012825 -0.9999479 -0.001329241 -0.369384 -0.9154851 -0.1595067 0.006979536 -0.9999448 0.007851853 0.4019988 -0.9154678 0.01777022 -0.00970646 -0.9999472 0.003385085 -0.4020165 -0.9154761 0.01691758 0.009700689 -0.9999456 0.00384376 0.3697179 -0.9154692 -0.1588232 -0.007180076 -0.9999462 0.007476887 -0.3546849 -0.9154629 0.1900693 0.01030619 -0.999947 0 0.2638665 -0.9154703 -0.3037903 -0.003052167 -0.9999454 0.00999737 -0.2367704 -0.9154512 0.3254058 0.008689054 -0.9999472 -0.00549465 0.1055709 -0.9154721 -0.3882856 0.001821143 -0.9999444 0.01038693 -0.07171921 -0.9154423 0.3960072 0.005257673 -0.9999478 -0.008767844 -0.07351626 -0.9154689 -0.3956162 0.01065538 -0.9999148 0.007540207 0.09859994 -0.9155526 0.3899249 0 -0.9999483 -0.01017493 -0.2370694 -0.9154546 -0.3251785 0.0158413 -0.9998745 0 0.2501496 -0.9155946 0.3148202 -0.003062025 -0.9999454 -0.009992893 -0.3521236 -0.9153541 -0.1952842 0.01213346 -0.9999225 -0.002801286 0.3588384 -0.9155701 0.1815665 -0.005464378 -0.9999241 -0.01104342 -0.4016502 -0.9145955 -0.04682072 0.009715574 -0.9998912 0.01110227 0.4018142 -0.9149657 0.03719052 -0.009712495 -0.9996787 -0.02340907 -0.4286302 -0.9031595 0.02406488 -0.04716919 -0.9960175 -0.07565907 0.03949284 -0.9974363 0.05967533 0.4211147 -0.9060084 -0.04255827 0.5477429 -0.3636063 -0.7535039 0.6766597 -0.3481797 -0.64877 0.7104785 -0.03609448 -0.7027928 0.5633783 -0.03805752 -0.825322 0.2119677 -0.3639164 -0.906992 0.1829997 -0.03813563 -0.982373 -0.1946508 -0.3638896 -0.9108762 -0.2550486 -0.03813967 -0.9661757 -0.5694734 -0.3638805 -0.7370827 -0.6481808 -0.0381457 -0.7605304 -0.8329639 -0.3638768 -0.4168511 -0.9140849 -0.03813732 -0.4037255 -0.9313462 -0.363879 -0.01365569 -0.9987137 -0.038141 0.03340941 -0.8448288 -0.3638846 0.3922402 -0.8850741 -0.03813774 0.4638849 -0.5905562 -0.3638915 0.720296 -0.5956928 -0.03814431 0.8023061 -0.219044 -0.3638926 0.9053187 -0.1880739 -0.0381378 0.9814141 0.1956965 -0.3638939 0.9106504 0.2565364 -0.03814247 0.9657817 0.5902821 -0.3638967 0.720518 0.6333776 -0.03816077 0.7729014 0.851374 -0.3637718 0.3779316 0.8939549 -0.03816483 0.4465291 0.9311783 -0.363825 0.02320191 0.9977842 -0.03810714 0.05454034 0.9258546 -0.3500479 -0.1423369 0.98998 -0.03633046 -0.1364546 -0.7154991 0.02732943 -0.6980789 -0.7154921 0.03618597 -0.697683 -0.7162669 0 -0.6978265 -0.7158791 0.0130707 -0.6981019 -0.7158729 0.0378644 -0.6972032 -0.7163602 -0.003770061 -0.6977205 -0.7163643 0.03204007 -0.6969905 -0.7165762 -0.01986824 -0.6972258 -0.7165833 0.01986593 -0.6972186 -0.7163623 -0.03203593 -0.6969927 -0.716363 0.003770583 -0.6977175 -0.7158781 -0.03786601 -0.6971977 -0.7158794 -0.01306684 -0.6981017 -0.7154952 -0.03617639 -0.6976803 -0.7154903 -0.02732761 -0.6980879 -0.9351552 0 -0.3542386 -0.9345235 -0.03802344 -0.3538644 -0.9343929 -0.03568171 -0.3544525 -0.9348772 -0.03281705 -0.3534513 -0.9345744 -0.02628084 -0.3547956 -0.935185 -0.02111092 -0.3535299 -0.9349431 -0.01166703 -0.3546057 -0.9352146 -0.005237921 -0.3540426 -0.9352121 0.005235473 -0.3540491 -0.9349415 0.01167346 -0.35461 -0.9351842 0.02111062 -0.3535319 -0.9345707 0.02626888 -0.3548061 -0.934878 0.03281269 -0.3534494 -0.9343887 0.03567995 -0.3544641 -0.9345296 0.03800938 -0.3538499  
					<BiTangents>: 150 -0.8146484 -0.002074598 -0.5799513 -0.6890441 -0.01170438 -0.724625 -0.6468661 -0.09953396 -0.7560802 -0.7950969 -0.008442621 -0.6064237 -0.9780332 -0.0005497581 -0.2084484 -0.968529 0.01052017 -0.2486781 -0.9777966 0.0005101257 0.2095558 -0.9773955 0.004461504 0.211372 -0.8032889 0.001342266 0.595588 -0.7749068 -0.004306355 0.6320609 -0.4651889 0.001342444 0.8852104 -0.4237295 -0.004390688 0.9057781 -0.03446848 0.001316629 0.9994049 0.01175996 -0.004593814 0.9999203 0.4030736 0.001300221 0.9151666 0.4448764 -0.004785214 0.8955792 0.7605803 0.001275751 0.6492427 0.7896887 -0.004970614 0.6134876 0.9670872 0.001259233 0.2544421 0.9777598 -0.00514517 0.2096647 0.9816591 0.001244899 -0.1906404 0.9718606 -0.005208122 -0.2354989 0.8023586 0.001291093 -0.5968409 0.7742621 -0.004701527 -0.6328477 0.4696948 0.001537038 -0.8828275 0.4298092 -0.001763359 -0.902918 0.07404412 0.002833027 -0.9972509 0.03869256 0.01511755 -0.9991368 -0.1178866 0.01239533 -0.9929497 -0.1710526 0.1058435 -0.9795601 -0.7906108 -0.03402174 -0.6113731 -0.4816359 -0.1321787 -0.8663462 -0.4333681 -0.07090323 -0.8984236 -0.7818804 -0.01107237 -0.6233301 -0.9756036 -0.007219661 -0.219421 -0.7817584 0.02340413 -0.6231421 -0.4329538 0.08862992 -0.8970484 -0.4874998 0.1504097 -0.8600703 -0.7927112 0.04285265 -0.6080893 -0.9749158 0.007579959 -0.222445 -0.9767377 0.02120054 -0.2133871 -0.9748762 0.007784285 -0.2226111 -0.9748645 -0.0006241884 0.2227976 -0.9749123 0.003840942 0.2225562 -0.9732231 0.01592537 0.2293099 -0.9748686 0.01253529 0.2224277 -0.7841434 0.008563771 0.6205206 -0.7818089 0.003137247 0.6235103 -0.7776228 0.01500106 0.6285521 -0.7817749 0.008123781 0.6235078 -0.4403938 0.01661441 0.897651 -0.4338508 0.003196697 0.900979 -0.427832 0.0151648 0.903731 -0.4339868 0.004045011 0.9009101 -0.007144522 0.01627072 0.9998421 3.328993E-05 0.003384921 0.9999942 0.006802949 0.01548949 0.9998569 -5.545848E-05 0.003843402 0.9999927 0.4275427 0.0158573 0.9038561 0.4339126 0.003620954 0.9009477 0.4401036 0.01589065 0.8978065 0.4338257 0.004471325 0.9009857 0.777485 0.01546286 0.6287114 0.7818522 0.003846746 0.6234519 0.786164 0.01627233 0.6178036 0.7818029 0.0033673 0.6235166 0.9733157 0.01512612 0.2289714 0.9749292 0.004086573 0.2224778 0.9763948 0.01666282 0.2153499 0.9749152 0.003174631 0.2225541 0.9762623 0.014977 -0.2160734 0.9748723 0.00870997 -0.2225942 0.9740478 0.008571729 -0.2261799 0.9749337 0.002263876 -0.222484 0.7860748 0.01592869 -0.6179262 0.7816976 0.01238466 -0.6235348 0.7820099 -0.0006522283 -0.6232657 0.7818624 0.003836089 -0.6234393 0.4421566 0.0212104 -0.896687 0.4338163 0.007788165 -0.9009677 0.4367266 -0.0072268 -0.8995652 0.4339574 0.007578304 -0.9009016 0.0188276 0.04286841 -0.9989033 0.0001092162 -0.01110174 -0.9999384 0.01495545 -0.03405098 -0.9993082 0.000243704 0.02340781 -0.999726 -0.3684686 0.1504274 -0.917389 -0.4313565 0.08862776 -0.8978178 -0.4321733 -0.07089759 -0.8989993 -0.3770359 -0.1321858 -0.9167174 -0.8052915 0.01512252 -0.5926862 -0.6592616 0.1058743 -0.7444225 -0.7028782 0.01240624 -0.711202 -0.8258563 0.002833713 -0.5638736 -0.9739158 -0.00175746 -0.2269029 -0.9830763 0.001538514 -0.1831905 -0.977524 -0.004702284 0.2107717 -0.966891 0.001287948 0.2551866 -0.7900743 -0.00521401 0.6129889 -0.7611147 0.001251014 0.6486161 -0.4457239 -0.005152198 0.8951557 -0.404063 0.00125727 0.9147303 -0.01271921 -0.00496987 0.9999068 0.03338492 0.001279095 0.9994418 0.4228011 -0.004788721 0.9062099 0.4641784 0.001298077 0.8857408 0.7744414 -0.004592231 0.632629 0.8028596 0.001321807 0.5961667 0.9723486 -0.004402181 0.2334926 0.9821181 0.001340406 0.1882609 0.9773152 -0.004312053 -0.2117456 0.9664972 0.001346649 -0.2566733 0.7746496 0.004463506 -0.632375 0.7734771 0.0005117169 -0.6338241 0.409456 0.01051443 -0.9122693 0.4468358 -0.0005499265 -0.8946158 0.02161101 -0.008443513 -0.9997308 0.0545008 -0.002076452 -0.9985116 -0.1878496 -0.09952343 -0.9771426 -0.1369566 -0.01169721 -0.990508 -0.6975705 0.02663761 0.7160209 -0.697774 0.0121424 0.7162151 -0.6978265 0 0.7162669 -0.6973768 0.03585928 0.715807 -0.6978251 -0.00477442 0.7162523 -0.6973248 0.03797623 0.7157486 -0.6976749 -0.02073881 0.7161143 -0.6974571 0.03258752 0.7158852 -0.6974498 -0.03258262 0.7158926 -0.6976769 0.02073621 0.7161124 -0.6973217 -0.0379805 0.7157513 -0.6978199 0.004778099 0.7162574 -0.6973769 -0.03585285 0.7158073 -0.6977713 -0.01213669 0.7162179 -0.6975795 -0.02663777 0.7160121 0.3542386 0 -0.935155 0.3542361 -0.003303235 -0.9351502 0.3541942 0.01353137 -0.935074 0.3541728 -0.01947764 -0.9349772 0.354102 0.02767326 -0.9347973 0.3540578 -0.03179181 -0.934683 0.3539993 0.03633239 -0.9345397 0.3539796 -0.03779615 -0.9344891 0.353986 0.03780308 -0.9344864 0.3540033 -0.03633375 -0.9345381 0.3540598 0.0317869 -0.9346824 0.3541128 -0.02767211 -0.9347932 0.354171 0.01948489 -0.9349777 0.3542059 -0.01352594 -0.9350696 0.3542214 0.003302166 -0.9351558  
					<SubMeshes>: 1
						<SubMesh>: 0 504 0 1 2 0 2 3 4 0 3 4 3 5 6 4 5 6 5 7 8 6 7 8 7 9 10 8 9 10 9 11 12 10 11 12 11 13 14 12 13 14 13 15 16 14 15 16 15 17 18 16 17 18 17 19 20 18 19 20 19 21 22 20 21 22 21 23 24 22 23 24 23 25 25 26 24 25 27 26 28 26 27 28 27 29 30 31 32 30 32 33 34 30 33 35 33 32 35 32 36 35 36 37 35 37 38 39 35 38 39 33 35 39 38 40 34 33 41 39 41 33 42 34 41 43 39 40 43 41 39 43 40 44 42 41 45 43 45 41 46 42 45 47 43 44 47 45 43 47 44 48 46 45 49 47 49 45 50 46 49 51 47 48 51 49 47 51 48 52 50 49 53 51 53 49 54 50 53 55 51 52 55 53 51 55 52 56 54 53 57 55 57 53 58 54 57 59 55 56 59 57 55 59 56 60 58 57 61 59 61 57 62 58 61 63 59 60 63 61 59 63 60 64 62 61 65 63 65 61 66 62 65 67 63 64 67 65 63 67 64 68 66 65 69 67 69 65 70 66 69 71 67 68 71 69 67 71 68 72 70 69 73 71 73 69 74 70 73 75 71 72 75 73 71 75 72 76 74 73 77 75 77 73 78 74 77 79 75 76 79 77 75 79 76 80 78 77 81 79 81 77 81 82 78 80 83 79 83 81 79 80 84 83 81 85 82 83 85 81 86 82 85 86 85 87 88 87 85 88 85 83 88 83 84 88 84 89 90 91 92 90 92 93 94 90 93 94 93 95 96 94 95 96 95 97 98 96 97 98 97 99 100 98 99 100 99 101 102 100 101 102 101 103 104 102 103 104 103 105 106 104 105 106 105 107 108 106 107 108 107 109 110 108 109 110 109 111 112 110 111 112 111 113 114 112 113 114 113 115 115 116 114 115 117 116 118 116 117 118 117 119 120 121 122 120 122 123 124 122 121 125 123 122 124 126 122 125 122 127 128 122 126 129 127 122 128 130 122 129 122 131 132 122 130 133 131 122 132 134 122 133 122 134 135 136 137 135 138 136 135 137 139 135 140 138 135 139 141 135 142 140 135 141 143 135 144 142 135 143 145 135 146 144 135 145 147 135 148 146 135 147 149 135 149 148  
				</Mesh>
				<Materials>: 1
					<Material>: 0
						<AlbedoColor>: 1 1 1 1
						<EmissiveColor>: 0 0 0 1
						<Glossiness>: 0.5
						<Metallic>: 0
						<SpecularHighlight>: 1
						<GlossyReflection>: 1
						<AlbedoMap>: Deler_lambert7_BaseColor
						<MetallicMap>: Deler_lambert7_Roughness
						<NormalMap>: Deler_lambert7_Normal
						<EmissionMap>: null
						<DetailAlbedoMap>: null
						<DetailNormalMap>: null
				</Materials>
				<Children>: 0
			</Frame>
			<Frame>: 2 0 LP_Cylinder_Base1.006
				<Transform>: -7.795285 0.3565502 1.446001 1.743707E-06 79.23396 9.170361E-06 1 1 1 6.275089E-08 0.6376523 5.194338E-08 0.7703243  
				<TransformMatrix>: 0.186799 1.60053E-07 -0.9823982 0 -7.105427E-15 1 1.629207E-07 0 0.9823982 -3.043342E-08 0.186799 0 -7.795285 0.3565502 1.446001 1  
				<Mesh>: 150 LP_Cylinder_Base1.006
					<Bounds>: 2.870755 0.7467897 7.386206 0.2483556 0.3569503 0.2421293
					<Positions>: 150 2.73139 1.10374 7.560964 2.669368 1.10374 7.483189 2.653547 1.096879 7.490808 2.720443 1.096879 7.574692 2.821017 1.10374 7.604125 2.817109 1.096879 7.621244 2.920493 1.10374 7.604125 2.924401 1.096879 7.621244 3.010119 1.10374 7.560964 3.021067 1.096879 7.574692 3.072142 1.10374 7.483189 3.087963 1.096879 7.490808 3.094278 1.10374 7.386206 3.111837 1.096879 7.386206 3.072142 1.10374 7.289223 3.087963 1.096879 7.281604 3.010119 1.10374 7.211449 3.021067 1.096879 7.197721 2.920493 1.10374 7.168288 2.924401 1.096879 7.151169 2.821017 1.10374 7.168288 2.817109 1.096879 7.151169 2.73139 1.10374 7.211449 2.720443 1.096879 7.197721 2.669368 1.10374 7.289223 2.653547 1.096879 7.281604 2.647231 1.10374 7.386206 2.629673 1.096879 7.386206 2.669368 1.10374 7.483189 2.653547 1.096879 7.490808 2.720443 1.096879 7.574692 2.653547 1.096879 7.490808 2.646994 1.080316 7.493965 2.715908 1.080316 7.580378 2.817109 1.096879 7.621244 2.715908 0.413263 7.580378 2.646994 0.413263 7.493965 2.653547 0.3967 7.490808 2.720443 0.3967 7.574692 2.81549 0.413263 7.628335 2.817109 0.3967 7.621244 2.81549 1.080316 7.628335 2.924401 1.096879 7.621244 2.926019 0.413263 7.628335 2.924401 0.3967 7.621244 2.926019 1.080316 7.628335 3.021067 1.096879 7.574692 3.025602 0.413263 7.580378 3.021067 0.3967 7.574692 3.025602 1.080316 7.580378 3.087963 1.096879 7.490808 3.094516 0.413263 7.493963 3.087963 0.3967 7.490808 3.094516 1.080316 7.493963 3.111837 1.096879 7.386206 3.119111 0.413263 7.386206 3.111837 0.3967 7.386206 3.119111 1.080316 7.386206 3.087963 1.096879 7.281604 3.094516 0.413263 7.278448 3.087963 0.3967 7.281604 3.094516 1.080316 7.278448 3.021067 1.096879 7.197721 3.025602 0.413263 7.192034 3.021067 0.3967 7.197721 3.025602 1.080316 7.192034 2.924401 1.096879 7.151169 2.926019 0.413263 7.144077 2.924401 0.3967 7.151169 2.926019 1.080316 7.144077 2.817109 1.096879 7.151169 2.81549 0.413263 7.144077 2.817109 0.3967 7.151169 2.81549 1.080316 7.144077 2.720443 1.096879 7.197721 2.715908 0.413263 7.192034 2.720443 0.3967 7.197721 2.715908 1.080316 7.192034 2.653547 1.096879 7.281604 2.646994 0.413263 7.278448 2.653547 0.3967 7.281604 2.646994 1.080316 7.278448 2.629673 1.096879 7.386206 2.622399 0.413263 7.386206 2.629673 0.3967 7.386206 2.622399 1.080316 7.386206 2.653547 1.096879 7.490808 2.646994 1.080316 7.493965 2.646994 0.413263 7.493965 2.653547 0.3967 7.490808 2.720443 0.3967 7.574692 2.653547 0.3967 7.490808 2.669368 0.3898394 7.483189 2.73139 0.3898394 7.560964 2.817109 0.3967 7.621244 2.821016 0.3898394 7.604125 2.924401 0.3967 7.621244 2.920493 0.3898394 7.604125 3.021067 0.3967 7.574692 3.010119 0.3898394 7.560964 3.087963 0.3967 7.490808 3.072142 0.3898394 7.483189 3.111837 0.3967 7.386206 3.094278 0.3898394 7.386206 3.087963 0.3967 7.281604 3.072142 0.3898394 7.289223 3.021067 0.3967 7.197721 3.010119 0.3898394 7.211449 2.924401 0.3967 7.151169 2.920493 0.3898394 7.168288 2.817109 0.3967 7.151169 2.821016 0.3898394 7.168288 2.720443 0.3967 7.197721 2.73139 0.3898394 7.211449 2.653547 0.3967 7.281604 2.669368 0.3898394 7.289223 2.629673 0.3967 7.386206 2.647232 0.3898394 7.386206 2.653547 0.3967 7.490808 2.669368 0.3898394 7.483189 2.647232 0.3898394 7.386206 2.669368 0.3898394 7.289223 2.870755 0.3898394 7.386206 2.669368 0.3898394 7.483189 2.73139 0.3898394 7.211449 2.73139 0.3898394 7.560964 2.821016 0.3898394 7.168288 2.821016 0.3898394 7.604125 2.920493 0.3898394 7.168288 2.920493 0.3898394 7.604125 3.010119 0.3898394 7.211449 3.010119 0.3898394 7.560964 3.072142 0.3898394 7.289223 3.072142 0.3898394 7.483189 3.094278 0.3898394 7.386206 2.870755 1.10374 7.386206 2.669368 1.10374 7.289223 2.647231 1.10374 7.386206 2.73139 1.10374 7.211449 2.669368 1.10374 7.483189 2.821017 1.10374 7.168288 2.73139 1.10374 7.560964 2.920493 1.10374 7.168288 2.821017 1.10374 7.604125 3.010119 1.10374 7.211449 2.920493 1.10374 7.604125 3.072142 1.10374 7.289223 3.010119 1.10374 7.560964 3.094278 1.10374 7.386206 3.072142 1.10374 7.483189  
					<Colors>: 0  
					<TextureCoords0>: 150 0.02790213 0.08348989 0.02687773 0.04040396 0.03440614 0.03823078 0.03528081 0.08320475 0.02753088 0.1286795 0.03489858 0.1287211 0.02696885 0.1742918 0.03433512 0.1744034 0.02640039 0.2200041 0.03376657 0.2201286 0.02585833 0.2657422 0.033225 0.2658645 0.02534026 0.3114849 0.03270698 0.3116027 0.02483766 0.3572275 0.03220467 0.3573406 0.02434735 0.40297 0.03171431 0.4030789 0.02387102 0.4487122 0.0312376 0.4488168 0.02341539 0.4944507 0.03078112 0.4945533 0.0229878 0.5401714 0.03035055 0.5402828 0.02257606 0.585822 0.02992824 0.5859876 0.02209288 0.6311682 0.02939144 0.6316069 0.02034706 0.6744366 0.0277157 0.6767606 0.03528081 0.08320475 0.03440614 0.03823078 0.0402398 0.03717566 0.04085772 0.08297336 0.03489858 0.1287211 0.2343654 0.08498013 0.2358104 0.0389052 0.241592 0.04013121 0.2399157 0.08528489 0.2337645 0.1307901 0.2393788 0.1309043 0.04051892 0.1287252 0.03433512 0.1744034 0.2333267 0.1765412 0.238956 0.1766088 0.03996563 0.1744658 0.03376657 0.2201286 0.2328917 0.2222793 0.2385252 0.2223382 0.0394001 0.2202026 0.033225 0.2658645 0.2324338 0.2680145 0.2380686 0.2680745 0.03885971 0.2659378 0.03270698 0.3116027 0.2319566 0.3137494 0.2375918 0.3138126 0.03834204 0.3116726 0.03220467 0.3573406 0.2314661 0.359484 0.2371015 0.3595505 0.03783992 0.357407 0.03171431 0.4030789 0.2309641 0.4052188 0.2365992 0.4052885 0.03734954 0.4031421 0.0312376 0.4488168 0.2304466 0.4509534 0.2360814 0.4510266 0.03687246 0.4488773 0.03078112 0.4945533 0.2299063 0.4966883 0.2355399 0.4967623 0.03641467 0.4946124 0.03035055 0.5402828 0.229341 0.5424249 0.2349715 0.5424874 0.03597984 0.5403503 0.02992824 0.5859876 0.228788 0.5881654 0.2344083 0.5881698 0.03554244 0.5861018 0.02939144 0.6316069 0.2284495 0.6339172 0.2340265 0.6336858 0.03494193 0.6319116 0.0277157 0.6767606 0.03349724 0.677987 0.2290679 0.6797154 0.2349015 0.67866 0.2399157 0.08528489 0.241592 0.04013121 0.2489606 0.04245532 0.2472144 0.08572364 0.2393788 0.1309043 0.246731 0.1310698 0.238956 0.1766088 0.2463191 0.1767201 0.2385252 0.2223382 0.2458909 0.2224405 0.2380686 0.2680745 0.2454353 0.2681794 0.2375918 0.3138126 0.2449588 0.3139216 0.2371015 0.3595505 0.2444684 0.359664 0.2365992 0.4052885 0.243966 0.4054064 0.2360814 0.4510266 0.2434478 0.451149 0.2355399 0.4967623 0.2429061 0.4968866 0.2349715 0.5424874 0.2423375 0.542599 0.2344083 0.5881698 0.2417758 0.5882111 0.2340265 0.6336858 0.2414053 0.6334006 0.2349015 0.67866 0.2424298 0.6764865 0.3850904 0.2116939 0.4019127 0.239258 0.3331183 0.2623277 0.3579743 0.1941583 0.4051096 0.2713913 0.3259351 0.1901245 0.3940476 0.3017296 0.2953188 0.2003917 0.3709181 0.3242637 0.2721893 0.2229259 0.3403015 0.3345308 0.2611271 0.2532641 0.3082625 0.3304971 0.264324 0.2853976 0.2811464 0.3129617 0.3451277 0.09454727 0.4230511 0.0877744 0.4182732 0.1222548 0.4123957 0.05463535 0.3990075 0.1512476 0.3884167 0.0294013 0.3690704 0.1690102 0.3558641 0.01707029 0.3343911 0.1720241 0.321185 0.02008462 0.3018385 0.1596931 0.2912479 0.03784692 0.2778596 0.1344594 0.2719823 0.06683969 0.2672042 0.1013203  
					<TextureCoords1>: 0  
					<Normals>: 150 -0.02378698 0.9992717 0.0298386 -0.0343856 0.9992715 0.01655663 -0.3278767 0.9314318 0.1578976 -0.2268961 0.931432 0.2845216 -0.008491668 0.9992715 0.03720718 -0.08097867 0.9314318 0.354792 0.008494046 0.9992717 0.03720103 0.08097882 0.9314323 0.3547903 0.02379221 0.9992716 0.0298373 0.2268934 0.931434 0.2845174 0.03437622 0.9992719 0.0165497 0.327866 0.9314364 0.1578931 0.03815769 0.9992717 -4.323677E-07 0.3639044 0.9314362 -6.559443E-07 0.03437421 0.9992718 -0.0165594 0.3278709 0.9314348 -0.1578921 0.02379361 0.9992716 -0.02983749 0.2268971 0.9314328 -0.2845181 0.008486666 0.9992718 -0.03720163 0.08097991 0.9314331 -0.3547881 -0.008492667 0.9992716 -0.03720571 -0.08098018 0.9314327 -0.3547892 -0.0237988 0.9992716 -0.02983211 -0.2269013 0.93143 -0.2845237 -0.03438874 0.9992715 -0.01655623 -0.3278813 0.9314302 -0.1578979 -0.03816126 0.9992716 5.360693E-06 -0.3639188 0.9314306 0 -0.0343856 0.9992715 0.01655663 -0.3278767 0.9314318 0.1578976 -0.5708642 0.4020849 0.7158505 -0.8249286 0.4020877 0.3972636 -0.9009476 0.00971332 0.433819 -0.623423 0.009713245 0.7818244 -0.2037378 0.4020973 0.8926415 -0.6234612 -0.009711684 0.781794 -0.9009254 -0.009713934 0.4338653 -0.8249281 -0.4020892 0.3972631 -0.5708656 -0.4020821 0.7158509 -0.2225127 -0.009716137 0.9748814 -0.2037423 -0.402095 0.8926414 -0.2225336 0.009717256 0.9748766 0.2037495 0.4020829 0.8926452 0.2225109 -0.009714856 0.9748818 0.2037439 -0.4020923 0.8926422 0.2225534 0.009710159 0.9748721 0.5708755 0.4020541 0.7158588 0.6234602 -0.009704888 0.7817948 0.5708693 -0.4020688 0.7158554 0.6235606 0.009697573 0.7817149 0.824938 0.4020533 0.3972788 0.9009278 -0.009702057 0.4338606 0.8249335 -0.4020659 0.3972755 0.9008922 0.009695511 0.4339347 0.9156124 0.4020623 -2.292102E-07 0.9999529 -0.009706512 -4.325861E-07 0.9156072 -0.402074 -9.0767E-07 0.999953 0.009700821 1.817185E-05 0.8249339 0.4020754 -0.3972649 0.9009264 -0.009713232 -0.4338633 0.8249288 -0.4020886 -0.3972623 0.9009335 0.009706244 -0.4338487 0.5708692 0.4020883 -0.7158446 0.6234563 -0.009719327 -0.7817977 0.5708642 -0.4021 -0.715842 0.6234651 0.009713485 -0.7817908 0.2037437 0.4020972 -0.8926401 0.2225078 -0.009721368 -0.9748824 0.203739 -0.4021041 -0.892638 0.2225146 0.009718001 -0.974881 -0.2037336 0.4021101 -0.8926366 -0.2225095 -0.009722576 -0.974882 -0.2037373 -0.4021068 -0.8926373 -0.2224955 0.009724289 -0.9748853 -0.570863 0.402106 -0.7158396 -0.6234591 -0.009719984 -0.7817957 -0.570864 -0.4021021 -0.7158409 -0.6234435 0.009722068 -0.7818079 -0.8249282 0.4020908 -0.3972612 -0.9009197 -0.009716585 -0.4338771 -0.8249272 -0.4020935 -0.3972606 -0.9009169 0.00971523 -0.433883 -0.9155996 0.4020912 -1.531121E-06 -0.9999528 -0.009716183 -1.344671E-06 -0.9155991 -0.4020923 -1.558625E-06 -0.9999528 0.009715571 -1.627672E-05 -0.8249286 0.4020877 0.3972636 -0.9009476 0.00971332 0.433819 -0.9009254 -0.009713934 0.4338653 -0.8249281 -0.4020892 0.3972631 -0.2268993 -0.9314299 0.2845258 -0.3278809 -0.9314299 0.1579006 -0.03438952 -0.9992713 0.0165557 -0.02379837 -0.9992716 0.02983361 -0.08097969 -0.9314299 0.3547964 -0.008497481 -0.9992715 0.03720869 0.08098081 -0.9314302 0.3547955 0.008488342 -0.9992716 0.03720537 0.2268979 -0.9314311 0.2845234 0.02379052 -0.9992715 0.02984419 0.3278741 -0.9314328 0.157897 0.03437771 -0.9992717 0.01655911 0.3639129 -0.931433 -4.171688E-07 0.03816241 -0.9992716 4.116446E-06 0.3278775 -0.9314317 -0.1578965 0.03438227 -0.9992717 -0.0165538 0.2269005 -0.9314299 -0.2845246 0.02380086 -0.9992713 -0.02983713 0.08098085 -0.9314306 -0.3547947 0.008495335 -0.9992716 -0.03720365 -0.08097974 -0.9314305 -0.3547953 -0.008489594 -0.9992715 -0.03721009 -0.2269031 -0.9314286 -0.2845271 -0.02379171 -0.9992715 -0.0298406 -0.327884 -0.9314287 -0.1579002 -0.03438848 -0.9992713 -0.01656183 -0.363923 -0.931429 -2.085843E-07 -0.03816359 -0.9992716 -5.014242E-06 -0.3278809 -0.9314299 0.1579006 -0.03438952 -0.9992713 0.0165557 -0.03816359 -0.9992716 -5.014242E-06 -0.03438848 -0.9992713 -0.01656183 0 -1 0 -0.03438952 -0.9992713 0.0165557 -0.02379171 -0.9992715 -0.0298406 -0.02379837 -0.9992716 0.02983361 -0.008489594 -0.9992715 -0.03721009 -0.008497481 -0.9992715 0.03720869 0.008495335 -0.9992716 -0.03720365 0.008488342 -0.9992716 0.03720537 0.02380086 -0.9992713 -0.02983713 0.02379052 -0.9992715 0.02984419 0.03438227 -0.9992717 -0.0165538 0.03437771 -0.9992717 0.01655911 0.03816241 -0.9992716 4.116446E-06 0 1 0 -0.03438874 0.9992715 -0.01655623 -0.03816126 0.9992716 5.360693E-06 -0.0237988 0.9992716 -0.02983211 -0.0343856 0.9992715 0.01655663 -0.008492667 0.9992716 -0.03720571 -0.02378698 0.9992717 0.0298386 0.008486666 0.9992718 -0.03720163 -0.008491668 0.9992715 0.03720718 0.02379361 0.9992716 -0.02983749 0.008494046 0.9992717 0.03720103 0.03437421 0.9992718 -0.0165594 0.02379221 0.9992716 0.0298373 0.03815769 0.9992717 -4.323677E-07 0.03437622 0.9992719 0.0165497  
					<Tangents>: 150 -0.579467 -0.03810323 0.8141044 -0.7239033 -0.0363249 0.6889445 -0.688521 -0.3500397 0.6351466 -0.5624403 -0.3638174 0.7424942 -0.208276 -0.03815991 0.9773254 -0.2353592 -0.3637639 0.9012669 0.2093843 -0.03815503 0.9770887 0.1952958 -0.3638872 0.9107391 0.5951141 -0.03813835 0.8027357 0.5899482 -0.3638849 0.7207974 0.8845437 -0.0381289 0.4648964 0.8443679 -0.3638778 0.3932375 0.9986771 -0.038135 0.03449361 0.931362 -0.3638754 -0.01262536 0.9145218 -0.03813274 -0.4027354 0.8334181 -0.3638768 -0.4159423 0.6488078 -0.03814154 -0.7599959 0.5700083 -0.3638793 -0.7366698 0.2543036 -0.03813658 -0.9663721 0.1934632 -0.3638762 -0.9111345 -0.1904552 -0.03814236 -0.9809546 -0.2211992 -0.3638764 -0.9048011 -0.5963675 -0.03814019 -0.8018048 -0.590791 -0.3638899 -0.7201042 -0.8821588 -0.03813574 -0.4694054 -0.8412835 -0.3639159 -0.3997591 -0.9965245 -0.03805593 -0.0740983 -0.9306266 -0.3636047 -0.04154099 -0.9924315 -0.03609497 0.1173745 -0.929106 -0.3481838 0.1246202 -0.2214694 -0.91497 0.3373144 -0.2958374 -0.90601 0.3026978 0.02203251 -0.997436 0.06808954 0.002602092 -0.9998915 0.01449736 -0.081784 -0.9155685 0.3937584 -0.01224545 -0.9996789 -0.02218376 -0.02973956 -0.9960173 -0.08405463 0.2860727 -0.9031618 -0.3200956 0.2138257 -0.9146003 -0.343198 -0.005228258 -0.9999241 -0.01115904 0.06687742 -0.9153524 -0.3970608 -0.009751883 -0.9999225 0.007740843 0.09014025 -0.9156031 0.3918491 -0.005906559 -0.9999454 -0.00861645 -0.1064194 -0.9154607 -0.3880808 -0.0100605 -0.9998742 0.01225587 0.2433524 -0.9155758 0.3201569 -0.008503797 -0.999948 -0.005631439 -0.2634598 -0.9154866 -0.3040942 0 -0.9999151 0.01302805 0.354303 -0.9154655 0.1907676 -0.01012825 -0.9999479 -0.001329241 -0.369384 -0.9154851 -0.1595067 0.006979536 -0.9999448 0.007851853 0.4019988 -0.9154678 0.01777022 -0.00970646 -0.9999472 0.003385085 -0.4020165 -0.9154761 0.01691758 0.009700689 -0.9999456 0.00384376 0.3697179 -0.9154692 -0.1588232 -0.007180076 -0.9999462 0.007476887 -0.3546849 -0.9154629 0.1900693 0.01030619 -0.999947 0 0.2638665 -0.9154703 -0.3037903 -0.003052167 -0.9999454 0.00999737 -0.2367704 -0.9154512 0.3254058 0.008689054 -0.9999472 -0.00549465 0.1055709 -0.9154721 -0.3882856 0.001821143 -0.9999444 0.01038693 -0.07171921 -0.9154423 0.3960072 0.005257673 -0.9999478 -0.008767844 -0.07351626 -0.9154689 -0.3956162 0.01065538 -0.9999148 0.007540207 0.09859994 -0.9155526 0.3899249 0 -0.9999483 -0.01017493 -0.2370694 -0.9154546 -0.3251785 0.0158413 -0.9998745 0 0.2501496 -0.9155946 0.3148202 -0.003062025 -0.9999454 -0.009992893 -0.3521236 -0.9153541 -0.1952842 0.01213346 -0.9999225 -0.002801286 0.3588384 -0.9155701 0.1815665 -0.005464378 -0.9999241 -0.01104342 -0.4016502 -0.9145955 -0.04682072 0.009715574 -0.9998912 0.01110227 0.4018142 -0.9149657 0.03719052 -0.009712495 -0.9996787 -0.02340907 -0.4286302 -0.9031595 0.02406488 -0.04716919 -0.9960175 -0.07565907 0.03949284 -0.9974363 0.05967533 0.4211147 -0.9060084 -0.04255827 0.5477429 -0.3636063 -0.7535039 0.6766597 -0.3481797 -0.64877 0.7104785 -0.03609448 -0.7027928 0.5633783 -0.03805752 -0.825322 0.2119677 -0.3639164 -0.906992 0.1829997 -0.03813563 -0.982373 -0.1946508 -0.3638896 -0.9108762 -0.2550486 -0.03813967 -0.9661757 -0.5694734 -0.3638805 -0.7370827 -0.6481808 -0.0381457 -0.7605304 -0.8329639 -0.3638768 -0.4168511 -0.9140849 -0.03813732 -0.4037255 -0.9313462 -0.363879 -0.01365569 -0.9987137 -0.038141 0.03340941 -0.8448288 -0.3638846 0.3922402 -0.8850741 -0.03813774 0.4638849 -0.5905562 -0.3638915 0.720296 -0.5956928 -0.03814431 0.8023061 -0.219044 -0.3638926 0.9053187 -0.1880739 -0.0381378 0.9814141 0.1956965 -0.3638939 0.9106504 0.2565364 -0.03814247 0.9657817 0.5902821 -0.3638967 0.720518 0.6333776 -0.03816077 0.7729014 0.851374 -0.3637718 0.3779316 0.8939549 -0.03816483 0.4465291 0.9311783 -0.363825 0.02320191 0.9977842 -0.03810714 0.05454034 0.9258546 -0.3500479 -0.1423369 0.98998 -0.03633046 -0.1364546 -0.7154991 0.02732943 -0.6980789 -0.7154921 0.03618597 -0.697683 -0.7162669 0 -0.6978265 -0.7158791 0.0130707 -0.6981019 -0.7158729 0.0378644 -0.6972032 -0.7163602 -0.003770061 -0.6977205 -0.7163643 0.03204007 -0.6969905 -0.7165762 -0.01986824 -0.6972258 -0.7165833 0.01986593 -0.6972186 -0.7163623 -0.03203593 -0.6969927 -0.716363 0.003770583 -0.6977175 -0.7158781 -0.03786601 -0.6971977 -0.7158794 -0.01306684 -0.6981017 -0.7154952 -0.03617639 -0.6976803 -0.7154903 -0.02732761 -0.6980879 -0.9351552 0 -0.3542386 -0.9345235 -0.03802344 -0.3538644 -0.9343929 -0.03568171 -0.3544525 -0.9348772 -0.03281705 -0.3534513 -0.9345744 -0.02628084 -0.3547956 -0.935185 -0.02111092 -0.3535299 -0.9349431 -0.01166703 -0.3546057 -0.9352146 -0.005237921 -0.3540426 -0.9352121 0.005235473 -0.3540491 -0.9349415 0.01167346 -0.35461 -0.9351842 0.02111062 -0.3535319 -0.9345707 0.02626888 -0.3548061 -0.934878 0.03281269 -0.3534494 -0.9343887 0.03567995 -0.3544641 -0.9345296 0.03800938 -0.3538499  
					<BiTangents>: 150 -0.8146484 -0.002074598 -0.5799513 -0.6890441 -0.01170438 -0.724625 -0.6468661 -0.09953396 -0.7560802 -0.7950969 -0.008442621 -0.6064237 -0.9780332 -0.0005497581 -0.2084484 -0.968529 0.01052017 -0.2486781 -0.9777966 0.0005101257 0.2095558 -0.9773955 0.004461504 0.211372 -0.8032889 0.001342266 0.595588 -0.7749068 -0.004306355 0.6320609 -0.4651889 0.001342444 0.8852104 -0.4237295 -0.004390688 0.9057781 -0.03446848 0.001316629 0.9994049 0.01175996 -0.004593814 0.9999203 0.4030736 0.001300221 0.9151666 0.4448764 -0.004785214 0.8955792 0.7605803 0.001275751 0.6492427 0.7896887 -0.004970614 0.6134876 0.9670872 0.001259233 0.2544421 0.9777598 -0.00514517 0.2096647 0.9816591 0.001244899 -0.1906404 0.9718606 -0.005208122 -0.2354989 0.8023586 0.001291093 -0.5968409 0.7742621 -0.004701527 -0.6328477 0.4696948 0.001537038 -0.8828275 0.4298092 -0.001763359 -0.902918 0.07404412 0.002833027 -0.9972509 0.03869256 0.01511755 -0.9991368 -0.1178866 0.01239533 -0.9929497 -0.1710526 0.1058435 -0.9795601 -0.7906108 -0.03402174 -0.6113731 -0.4816359 -0.1321787 -0.8663462 -0.4333681 -0.07090323 -0.8984236 -0.7818804 -0.01107237 -0.6233301 -0.9756036 -0.007219661 -0.219421 -0.7817584 0.02340413 -0.6231421 -0.4329538 0.08862992 -0.8970484 -0.4874998 0.1504097 -0.8600703 -0.7927112 0.04285265 -0.6080893 -0.9749158 0.007579959 -0.222445 -0.9767377 0.02120054 -0.2133871 -0.9748762 0.007784285 -0.2226111 -0.9748645 -0.0006241884 0.2227976 -0.9749123 0.003840942 0.2225562 -0.9732231 0.01592537 0.2293099 -0.9748686 0.01253529 0.2224277 -0.7841434 0.008563771 0.6205206 -0.7818089 0.003137247 0.6235103 -0.7776228 0.01500106 0.6285521 -0.7817749 0.008123781 0.6235078 -0.4403938 0.01661441 0.897651 -0.4338508 0.003196697 0.900979 -0.427832 0.0151648 0.903731 -0.4339868 0.004045011 0.9009101 -0.007144522 0.01627072 0.9998421 3.328993E-05 0.003384921 0.9999942 0.006802949 0.01548949 0.9998569 -5.545848E-05 0.003843402 0.9999927 0.4275427 0.0158573 0.9038561 0.4339126 0.003620954 0.9009477 0.4401036 0.01589065 0.8978065 0.4338257 0.004471325 0.9009857 0.777485 0.01546286 0.6287114 0.7818522 0.003846746 0.6234519 0.786164 0.01627233 0.6178036 0.7818029 0.0033673 0.6235166 0.9733157 0.01512612 0.2289714 0.9749292 0.004086573 0.2224778 0.9763948 0.01666282 0.2153499 0.9749152 0.003174631 0.2225541 0.9762623 0.014977 -0.2160734 0.9748723 0.00870997 -0.2225942 0.9740478 0.008571729 -0.2261799 0.9749337 0.002263876 -0.222484 0.7860748 0.01592869 -0.6179262 0.7816976 0.01238466 -0.6235348 0.7820099 -0.0006522283 -0.6232657 0.7818624 0.003836089 -0.6234393 0.4421566 0.0212104 -0.896687 0.4338163 0.007788165 -0.9009677 0.4367266 -0.0072268 -0.8995652 0.4339574 0.007578304 -0.9009016 0.0188276 0.04286841 -0.9989033 0.0001092162 -0.01110174 -0.9999384 0.01495545 -0.03405098 -0.9993082 0.000243704 0.02340781 -0.999726 -0.3684686 0.1504274 -0.917389 -0.4313565 0.08862776 -0.8978178 -0.4321733 -0.07089759 -0.8989993 -0.3770359 -0.1321858 -0.9167174 -0.8052915 0.01512252 -0.5926862 -0.6592616 0.1058743 -0.7444225 -0.7028782 0.01240624 -0.711202 -0.8258563 0.002833713 -0.5638736 -0.9739158 -0.00175746 -0.2269029 -0.9830763 0.001538514 -0.1831905 -0.977524 -0.004702284 0.2107717 -0.966891 0.001287948 0.2551866 -0.7900743 -0.00521401 0.6129889 -0.7611147 0.001251014 0.6486161 -0.4457239 -0.005152198 0.8951557 -0.404063 0.00125727 0.9147303 -0.01271921 -0.00496987 0.9999068 0.03338492 0.001279095 0.9994418 0.4228011 -0.004788721 0.9062099 0.4641784 0.001298077 0.8857408 0.7744414 -0.004592231 0.632629 0.8028596 0.001321807 0.5961667 0.9723486 -0.004402181 0.2334926 0.9821181 0.001340406 0.1882609 0.9773152 -0.004312053 -0.2117456 0.9664972 0.001346649 -0.2566733 0.7746496 0.004463506 -0.632375 0.7734771 0.0005117169 -0.6338241 0.409456 0.01051443 -0.9122693 0.4468358 -0.0005499265 -0.8946158 0.02161101 -0.008443513 -0.9997308 0.0545008 -0.002076452 -0.9985116 -0.1878496 -0.09952343 -0.9771426 -0.1369566 -0.01169721 -0.990508 -0.6975705 0.02663761 0.7160209 -0.697774 0.0121424 0.7162151 -0.6978265 0 0.7162669 -0.6973768 0.03585928 0.715807 -0.6978251 -0.00477442 0.7162523 -0.6973248 0.03797623 0.7157486 -0.6976749 -0.02073881 0.7161143 -0.6974571 0.03258752 0.7158852 -0.6974498 -0.03258262 0.7158926 -0.6976769 0.02073621 0.7161124 -0.6973217 -0.0379805 0.7157513 -0.6978199 0.004778099 0.7162574 -0.6973769 -0.03585285 0.7158073 -0.6977713 -0.01213669 0.7162179 -0.6975795 -0.02663777 0.7160121 0.3542386 0 -0.935155 0.3542361 -0.003303235 -0.9351502 0.3541942 0.01353137 -0.935074 0.3541728 -0.01947764 -0.9349772 0.354102 0.02767326 -0.9347973 0.3540578 -0.03179181 -0.934683 0.3539993 0.03633239 -0.9345397 0.3539796 -0.03779615 -0.9344891 0.353986 0.03780308 -0.9344864 0.3540033 -0.03633375 -0.9345381 0.3540598 0.0317869 -0.9346824 0.3541128 -0.02767211 -0.9347932 0.354171 0.01948489 -0.9349777 0.3542059 -0.01352594 -0.9350696 0.3542214 0.003302166 -0.9351558  
					<SubMeshes>: 1
						<SubMesh>: 0 504 0 1 2 0 2 3 4 0 3 4 3 5 6 4 5 6 5 7 8 6 7 8 7 9 10 8 9 10 9 11 12 10 11 12 11 13 14 12 13 14 13 15 16 14 15 16 15 17 18 16 17 18 17 19 20 18 19 20 19 21 22 20 21 22 21 23 24 22 23 24 23 25 25 26 24 25 27 26 28 26 27 28 27 29 30 31 32 30 32 33 34 30 33 35 33 32 35 32 36 35 36 37 35 37 38 39 35 38 39 33 35 39 38 40 34 33 41 39 41 33 42 34 41 43 39 40 43 41 39 43 40 44 42 41 45 43 45 41 46 42 45 47 43 44 47 45 43 47 44 48 46 45 49 47 49 45 50 46 49 51 47 48 51 49 47 51 48 52 50 49 53 51 53 49 54 50 53 55 51 52 55 53 51 55 52 56 54 53 57 55 57 53 58 54 57 59 55 56 59 57 55 59 56 60 58 57 61 59 61 57 62 58 61 63 59 60 63 61 59 63 60 64 62 61 65 63 65 61 66 62 65 67 63 64 67 65 63 67 64 68 66 65 69 67 69 65 70 66 69 71 67 68 71 69 67 71 68 72 70 69 73 71 73 69 74 70 73 75 71 72 75 73 71 75 72 76 74 73 77 75 77 73 78 74 77 79 75 76 79 77 75 79 76 80 78 77 81 79 81 77 81 82 78 80 83 79 83 81 79 80 84 83 81 85 82 83 85 81 86 82 85 86 85 87 88 87 85 88 85 83 88 83 84 88 84 89 90 91 92 90 92 93 94 90 93 94 93 95 96 94 95 96 95 97 98 96 97 98 97 99 100 98 99 100 99 101 102 100 101 102 101 103 104 102 103 104 103 105 106 104 105 106 105 107 108 106 107 108 107 109 110 108 109 110 109 111 112 110 111 112 111 113 114 112 113 114 113 115 115 116 114 115 117 116 118 116 117 118 117 119 120 121 122 120 122 123 124 122 121 125 123 122 124 126 122 125 122 127 128 122 126 129 127 122 128 130 122 129 122 131 132 122 130 133 131 122 132 134 122 133 122 134 135 136 137 135 138 136 135 137 139 135 140 138 135 139 141 135 142 140 135 141 143 135 144 142 135 143 145 135 146 144 135 145 147 135 148 146 135 147 149 135 149 148  
				</Mesh>
				<Materials>: 1
					<Material>: 0
						<AlbedoColor>: 1 1 1 1
						<EmissiveColor>: 0 0 0 1
						<Glossiness>: 0.5
						<Metallic>: 0
						<SpecularHighlight>: 1
						<GlossyReflection>: 1
						<AlbedoMap>: @Deler_lambert7_BaseColor
						<MetallicMap>: @Deler_lambert7_Roughness
						<NormalMap>: @Deler_lambert7_Normal
						<EmissionMap>: null
						<DetailAlbedoMap>: null
						<DetailNormalMap>: null
				</Materials>
				<Children>: 0
			</Frame>
			<Frame>: 3 0 LP_Cylinder_Base2.006
				<Transform>: -6.685227 1.05799 -4.253933 7.528214E-06 36.24668 5.519242E-06 0.9999999 1 0.9999999 7.741903E-08 0.3110636 2.533934E-08 0.9503891  
				<TransformMatrix>: 0.8064788 9.632894E-08 -0.5912628 0 1.776357E-14 1 1.629207E-07 0 0.5912628 -1.313921E-07 0.8064788 0 -6.685227 1.05799 -4.253933 1  
				<Mesh>: 150 LP_Cylinder_Base2.006
					<Bounds>: 2.870755 0.7467897 7.386206 0.2483556 0.3569503 0.2421293
					<Positions>: 150 2.73139 1.10374 7.560964 2.669368 1.10374 7.483189 2.653547 1.096879 7.490808 2.720443 1.096879 7.574692 2.821017 1.10374 7.604125 2.817109 1.096879 7.621244 2.920493 1.10374 7.604125 2.924401 1.096879 7.621244 3.010119 1.10374 7.560964 3.021067 1.096879 7.574692 3.072142 1.10374 7.483189 3.087963 1.096879 7.490808 3.094278 1.10374 7.386206 3.111837 1.096879 7.386206 3.072142 1.10374 7.289223 3.087963 1.096879 7.281604 3.010119 1.10374 7.211449 3.021067 1.096879 7.197721 2.920493 1.10374 7.168288 2.924401 1.096879 7.151169 2.821017 1.10374 7.168288 2.817109 1.096879 7.151169 2.73139 1.10374 7.211449 2.720443 1.096879 7.197721 2.669368 1.10374 7.289223 2.653547 1.096879 7.281604 2.647231 1.10374 7.386206 2.629673 1.096879 7.386206 2.669368 1.10374 7.483189 2.653547 1.096879 7.490808 2.720443 1.096879 7.574692 2.653547 1.096879 7.490808 2.646994 1.080316 7.493965 2.715908 1.080316 7.580378 2.817109 1.096879 7.621244 2.715908 0.413263 7.580378 2.646994 0.413263 7.493965 2.653547 0.3967 7.490808 2.720443 0.3967 7.574692 2.81549 0.413263 7.628335 2.817109 0.3967 7.621244 2.81549 1.080316 7.628335 2.924401 1.096879 7.621244 2.926019 0.413263 7.628335 2.924401 0.3967 7.621244 2.926019 1.080316 7.628335 3.021067 1.096879 7.574692 3.025602 0.413263 7.580378 3.021067 0.3967 7.574692 3.025602 1.080316 7.580378 3.087963 1.096879 7.490808 3.094516 0.413263 7.493963 3.087963 0.3967 7.490808 3.094516 1.080316 7.493963 3.111837 1.096879 7.386206 3.119111 0.413263 7.386206 3.111837 0.3967 7.386206 3.119111 1.080316 7.386206 3.087963 1.096879 7.281604 3.094516 0.413263 7.278448 3.087963 0.3967 7.281604 3.094516 1.080316 7.278448 3.021067 1.096879 7.197721 3.025602 0.413263 7.192034 3.021067 0.3967 7.197721 3.025602 1.080316 7.192034 2.924401 1.096879 7.151169 2.926019 0.413263 7.144077 2.924401 0.3967 7.151169 2.926019 1.080316 7.144077 2.817109 1.096879 7.151169 2.81549 0.413263 7.144077 2.817109 0.3967 7.151169 2.81549 1.080316 7.144077 2.720443 1.096879 7.197721 2.715908 0.413263 7.192034 2.720443 0.3967 7.197721 2.715908 1.080316 7.192034 2.653547 1.096879 7.281604 2.646994 0.413263 7.278448 2.653547 0.3967 7.281604 2.646994 1.080316 7.278448 2.629673 1.096879 7.386206 2.622399 0.413263 7.386206 2.629673 0.3967 7.386206 2.622399 1.080316 7.386206 2.653547 1.096879 7.490808 2.646994 1.080316 7.493965 2.646994 0.413263 7.493965 2.653547 0.3967 7.490808 2.720443 0.3967 7.574692 2.653547 0.3967 7.490808 2.669368 0.3898394 7.483189 2.73139 0.3898394 7.560964 2.817109 0.3967 7.621244 2.821016 0.3898394 7.604125 2.924401 0.3967 7.621244 2.920493 0.3898394 7.604125 3.021067 0.3967 7.574692 3.010119 0.3898394 7.560964 3.087963 0.3967 7.490808 3.072142 0.3898394 7.483189 3.111837 0.3967 7.386206 3.094278 0.3898394 7.386206 3.087963 0.3967 7.281604 3.072142 0.3898394 7.289223 3.021067 0.3967 7.197721 3.010119 0.3898394 7.211449 2.924401 0.3967 7.151169 2.920493 0.3898394 7.168288 2.817109 0.3967 7.151169 2.821016 0.3898394 7.168288 2.720443 0.3967 7.197721 2.73139 0.3898394 7.211449 2.653547 0.3967 7.281604 2.669368 0.3898394 7.289223 2.629673 0.3967 7.386206 2.647232 0.3898394 7.386206 2.653547 0.3967 7.490808 2.669368 0.3898394 7.483189 2.647232 0.3898394 7.386206 2.669368 0.3898394 7.289223 2.870755 0.3898394 7.386206 2.669368 0.3898394 7.483189 2.73139 0.3898394 7.211449 2.73139 0.3898394 7.560964 2.821016 0.3898394 7.168288 2.821016 0.3898394 7.604125 2.920493 0.3898394 7.168288 2.920493 0.3898394 7.604125 3.010119 0.3898394 7.211449 3.010119 0.3898394 7.560964 3.072142 0.3898394 7.289223 3.072142 0.3898394 7.483189 3.094278 0.3898394 7.386206 2.870755 1.10374 7.386206 2.669368 1.10374 7.289223 2.647231 1.10374 7.386206 2.73139 1.10374 7.211449 2.669368 1.10374 7.483189 2.821017 1.10374 7.168288 2.73139 1.10374 7.560964 2.920493 1.10374 7.168288 2.821017 1.10374 7.604125 3.010119 1.10374 7.211449 2.920493 1.10374 7.604125 3.072142 1.10374 7.289223 3.010119 1.10374 7.560964 3.094278 1.10374 7.386206 3.072142 1.10374 7.483189  
					<Colors>: 0  
					<TextureCoords0>: 150 0.02790213 0.08348989 0.02687773 0.04040396 0.03440614 0.03823078 0.03528081 0.08320475 0.02753088 0.1286795 0.03489858 0.1287211 0.02696885 0.1742918 0.03433512 0.1744034 0.02640039 0.2200041 0.03376657 0.2201286 0.02585833 0.2657422 0.033225 0.2658645 0.02534026 0.3114849 0.03270698 0.3116027 0.02483766 0.3572275 0.03220467 0.3573406 0.02434735 0.40297 0.03171431 0.4030789 0.02387102 0.4487122 0.0312376 0.4488168 0.02341539 0.4944507 0.03078112 0.4945533 0.0229878 0.5401714 0.03035055 0.5402828 0.02257606 0.585822 0.02992824 0.5859876 0.02209288 0.6311682 0.02939144 0.6316069 0.02034706 0.6744366 0.0277157 0.6767606 0.03528081 0.08320475 0.03440614 0.03823078 0.0402398 0.03717566 0.04085772 0.08297336 0.03489858 0.1287211 0.2343654 0.08498013 0.2358104 0.0389052 0.241592 0.04013121 0.2399157 0.08528489 0.2337645 0.1307901 0.2393788 0.1309043 0.04051892 0.1287252 0.03433512 0.1744034 0.2333267 0.1765412 0.238956 0.1766088 0.03996563 0.1744658 0.03376657 0.2201286 0.2328917 0.2222793 0.2385252 0.2223382 0.0394001 0.2202026 0.033225 0.2658645 0.2324338 0.2680145 0.2380686 0.2680745 0.03885971 0.2659378 0.03270698 0.3116027 0.2319566 0.3137494 0.2375918 0.3138126 0.03834204 0.3116726 0.03220467 0.3573406 0.2314661 0.359484 0.2371015 0.3595505 0.03783992 0.357407 0.03171431 0.4030789 0.2309641 0.4052188 0.2365992 0.4052885 0.03734954 0.4031421 0.0312376 0.4488168 0.2304466 0.4509534 0.2360814 0.4510266 0.03687246 0.4488773 0.03078112 0.4945533 0.2299063 0.4966883 0.2355399 0.4967623 0.03641467 0.4946124 0.03035055 0.5402828 0.229341 0.5424249 0.2349715 0.5424874 0.03597984 0.5403503 0.02992824 0.5859876 0.228788 0.5881654 0.2344083 0.5881698 0.03554244 0.5861018 0.02939144 0.6316069 0.2284495 0.6339172 0.2340265 0.6336858 0.03494193 0.6319116 0.0277157 0.6767606 0.03349724 0.677987 0.2290679 0.6797154 0.2349015 0.67866 0.2399157 0.08528489 0.241592 0.04013121 0.2489606 0.04245532 0.2472144 0.08572364 0.2393788 0.1309043 0.246731 0.1310698 0.238956 0.1766088 0.2463191 0.1767201 0.2385252 0.2223382 0.2458909 0.2224405 0.2380686 0.2680745 0.2454353 0.2681794 0.2375918 0.3138126 0.2449588 0.3139216 0.2371015 0.3595505 0.2444684 0.359664 0.2365992 0.4052885 0.243966 0.4054064 0.2360814 0.4510266 0.2434478 0.451149 0.2355399 0.4967623 0.2429061 0.4968866 0.2349715 0.5424874 0.2423375 0.542599 0.2344083 0.5881698 0.2417758 0.5882111 0.2340265 0.6336858 0.2414053 0.6334006 0.2349015 0.67866 0.2424298 0.6764865 0.3850904 0.2116939 0.4019127 0.239258 0.3331183 0.2623277 0.3579743 0.1941583 0.4051096 0.2713913 0.3259351 0.1901245 0.3940476 0.3017296 0.2953188 0.2003917 0.3709181 0.3242637 0.2721893 0.2229259 0.3403015 0.3345308 0.2611271 0.2532641 0.3082625 0.3304971 0.264324 0.2853976 0.2811464 0.3129617 0.3451277 0.09454727 0.4230511 0.0877744 0.4182732 0.1222548 0.4123957 0.05463535 0.3990075 0.1512476 0.3884167 0.0294013 0.3690704 0.1690102 0.3558641 0.01707029 0.3343911 0.1720241 0.321185 0.02008462 0.3018385 0.1596931 0.2912479 0.03784692 0.2778596 0.1344594 0.2719823 0.06683969 0.2672042 0.1013203  
					<TextureCoords1>: 0  
					<Normals>: 150 -0.02378698 0.9992717 0.0298386 -0.0343856 0.9992715 0.01655663 -0.3278767 0.9314318 0.1578976 -0.2268961 0.931432 0.2845216 -0.008491668 0.9992715 0.03720718 -0.08097867 0.9314318 0.354792 0.008494046 0.9992717 0.03720103 0.08097882 0.9314323 0.3547903 0.02379221 0.9992716 0.0298373 0.2268934 0.931434 0.2845174 0.03437622 0.9992719 0.0165497 0.327866 0.9314364 0.1578931 0.03815769 0.9992717 -4.323677E-07 0.3639044 0.9314362 -6.559443E-07 0.03437421 0.9992718 -0.0165594 0.3278709 0.9314348 -0.1578921 0.02379361 0.9992716 -0.02983749 0.2268971 0.9314328 -0.2845181 0.008486666 0.9992718 -0.03720163 0.08097991 0.9314331 -0.3547881 -0.008492667 0.9992716 -0.03720571 -0.08098018 0.9314327 -0.3547892 -0.0237988 0.9992716 -0.02983211 -0.2269013 0.93143 -0.2845237 -0.03438874 0.9992715 -0.01655623 -0.3278813 0.9314302 -0.1578979 -0.03816126 0.9992716 5.360693E-06 -0.3639188 0.9314306 0 -0.0343856 0.9992715 0.01655663 -0.3278767 0.9314318 0.1578976 -0.5708642 0.4020849 0.7158505 -0.8249286 0.4020877 0.3972636 -0.9009476 0.00971332 0.433819 -0.623423 0.009713245 0.7818244 -0.2037378 0.4020973 0.8926415 -0.6234612 -0.009711684 0.781794 -0.9009254 -0.009713934 0.4338653 -0.8249281 -0.4020892 0.3972631 -0.5708656 -0.4020821 0.7158509 -0.2225127 -0.009716137 0.9748814 -0.2037423 -0.402095 0.8926414 -0.2225336 0.009717256 0.9748766 0.2037495 0.4020829 0.8926452 0.2225109 -0.009714856 0.9748818 0.2037439 -0.4020923 0.8926422 0.2225534 0.009710159 0.9748721 0.5708755 0.4020541 0.7158588 0.6234602 -0.009704888 0.7817948 0.5708693 -0.4020688 0.7158554 0.6235606 0.009697573 0.7817149 0.824938 0.4020533 0.3972788 0.9009278 -0.009702057 0.4338606 0.8249335 -0.4020659 0.3972755 0.9008922 0.009695511 0.4339347 0.9156124 0.4020623 -2.292102E-07 0.9999529 -0.009706512 -4.325861E-07 0.9156072 -0.402074 -9.0767E-07 0.999953 0.009700821 1.817185E-05 0.8249339 0.4020754 -0.3972649 0.9009264 -0.009713232 -0.4338633 0.8249288 -0.4020886 -0.3972623 0.9009335 0.009706244 -0.4338487 0.5708692 0.4020883 -0.7158446 0.6234563 -0.009719327 -0.7817977 0.5708642 -0.4021 -0.715842 0.6234651 0.009713485 -0.7817908 0.2037437 0.4020972 -0.8926401 0.2225078 -0.009721368 -0.9748824 0.203739 -0.4021041 -0.892638 0.2225146 0.009718001 -0.974881 -0.2037336 0.4021101 -0.8926366 -0.2225095 -0.009722576 -0.974882 -0.2037373 -0.4021068 -0.8926373 -0.2224955 0.009724289 -0.9748853 -0.570863 0.402106 -0.7158396 -0.6234591 -0.009719984 -0.7817957 -0.570864 -0.4021021 -0.7158409 -0.6234435 0.009722068 -0.7818079 -0.8249282 0.4020908 -0.3972612 -0.9009197 -0.009716585 -0.4338771 -0.8249272 -0.4020935 -0.3972606 -0.9009169 0.00971523 -0.433883 -0.9155996 0.4020912 -1.531121E-06 -0.9999528 -0.009716183 -1.344671E-06 -0.9155991 -0.4020923 -1.558625E-06 -0.9999528 0.009715571 -1.627672E-05 -0.8249286 0.4020877 0.3972636 -0.9009476 0.00971332 0.433819 -0.9009254 -0.009713934 0.4338653 -0.8249281 -0.4020892 0.3972631 -0.2268993 -0.9314299 0.2845258 -0.3278809 -0.9314299 0.1579006 -0.03438952 -0.9992713 0.0165557 -0.02379837 -0.9992716 0.02983361 -0.08097969 -0.9314299 0.3547964 -0.008497481 -0.9992715 0.03720869 0.08098081 -0.9314302 0.3547955 0.008488342 -0.9992716 0.03720537 0.2268979 -0.9314311 0.2845234 0.02379052 -0.9992715 0.02984419 0.3278741 -0.9314328 0.157897 0.03437771 -0.9992717 0.01655911 0.3639129 -0.931433 -4.171688E-07 0.03816241 -0.9992716 4.116446E-06 0.3278775 -0.9314317 -0.1578965 0.03438227 -0.9992717 -0.0165538 0.2269005 -0.9314299 -0.2845246 0.02380086 -0.9992713 -0.02983713 0.08098085 -0.9314306 -0.3547947 0.008495335 -0.9992716 -0.03720365 -0.08097974 -0.9314305 -0.3547953 -0.008489594 -0.9992715 -0.03721009 -0.2269031 -0.9314286 -0.2845271 -0.02379171 -0.9992715 -0.0298406 -0.327884 -0.9314287 -0.1579002 -0.03438848 -0.9992713 -0.01656183 -0.363923 -0.931429 -2.085843E-07 -0.03816359 -0.9992716 -5.014242E-06 -0.3278809 -0.9314299 0.1579006 -0.03438952 -0.9992713 0.0165557 -0.03816359 -0.9992716 -5.014242E-06 -0.03438848 -0.9992713 -0.01656183 0 -1 0 -0.03438952 -0.9992713 0.0165557 -0.02379171 -0.9992715 -0.0298406 -0.02379837 -0.9992716 0.02983361 -0.008489594 -0.9992715 -0.03721009 -0.008497481 -0.9992715 0.03720869 0.008495335 -0.9992716 -0.03720365 0.008488342 -0.9992716 0.03720537 0.02380086 -0.9992713 -0.02983713 0.02379052 -0.9992715 0.02984419 0.03438227 -0.9992717 -0.0165538 0.03437771 -0.9992717 0.01655911 0.03816241 -0.9992716 4.116446E-06 0 1 0 -0.03438874 0.9992715 -0.01655623 -0.03816126 0.9992716 5.360693E-06 -0.0237988 0.9992716 -0.02983211 -0.0343856 0.9992715 0.01655663 -0.008492667 0.9992716 -0.03720571 -0.02378698 0.9992717 0.0298386 0.008486666 0.9992718 -0.03720163 -0.008491668 0.9992715 0.03720718 0.02379361 0.9992716 -0.02983749 0.008494046 0.9992717 0.03720103 0.03437421 0.9992718 -0.0165594 0.02379221 0.9992716 0.0298373 0.03815769 0.9992717 -4.323677E-07 0.03437622 0.9992719 0.0165497  
					<Tangents>: 150 -0.579467 -0.03810323 0.8141044 -0.7239033 -0.0363249 0.6889445 -0.688521 -0.3500397 0.6351466 -0.5624403 -0.3638174 0.7424942 -0.208276 -0.03815991 0.9773254 -0.2353592 -0.3637639 0.9012669 0.2093843 -0.03815503 0.9770887 0.1952958 -0.3638872 0.9107391 0.5951141 -0.03813835 0.8027357 0.5899482 -0.3638849 0.7207974 0.8845437 -0.0381289 0.4648964 0.8443679 -0.3638778 0.3932375 0.9986771 -0.038135 0.03449361 0.931362 -0.3638754 -0.01262536 0.9145218 -0.03813274 -0.4027354 0.8334181 -0.3638768 -0.4159423 0.6488078 -0.03814154 -0.7599959 0.5700083 -0.3638793 -0.7366698 0.2543036 -0.03813658 -0.9663721 0.1934632 -0.3638762 -0.9111345 -0.1904552 -0.03814236 -0.9809546 -0.2211992 -0.3638764 -0.9048011 -0.5963675 -0.03814019 -0.8018048 -0.590791 -0.3638899 -0.7201042 -0.8821588 -0.03813574 -0.4694054 -0.8412835 -0.3639159 -0.3997591 -0.9965245 -0.03805593 -0.0740983 -0.9306266 -0.3636047 -0.04154099 -0.9924315 -0.03609497 0.1173745 -0.929106 -0.3481838 0.1246202 -0.2214694 -0.91497 0.3373144 -0.2958374 -0.90601 0.3026978 0.02203251 -0.997436 0.06808954 0.002602092 -0.9998915 0.01449736 -0.081784 -0.9155685 0.3937584 -0.01224545 -0.9996789 -0.02218376 -0.02973956 -0.9960173 -0.08405463 0.2860727 -0.9031618 -0.3200956 0.2138257 -0.9146003 -0.343198 -0.005228258 -0.9999241 -0.01115904 0.06687742 -0.9153524 -0.3970608 -0.009751883 -0.9999225 0.007740843 0.09014025 -0.9156031 0.3918491 -0.005906559 -0.9999454 -0.00861645 -0.1064194 -0.9154607 -0.3880808 -0.0100605 -0.9998742 0.01225587 0.2433524 -0.9155758 0.3201569 -0.008503797 -0.999948 -0.005631439 -0.2634598 -0.9154866 -0.3040942 0 -0.9999151 0.01302805 0.354303 -0.9154655 0.1907676 -0.01012825 -0.9999479 -0.001329241 -0.369384 -0.9154851 -0.1595067 0.006979536 -0.9999448 0.007851853 0.4019988 -0.9154678 0.01777022 -0.00970646 -0.9999472 0.003385085 -0.4020165 -0.9154761 0.01691758 0.009700689 -0.9999456 0.00384376 0.3697179 -0.9154692 -0.1588232 -0.007180076 -0.9999462 0.007476887 -0.3546849 -0.9154629 0.1900693 0.01030619 -0.999947 0 0.2638665 -0.9154703 -0.3037903 -0.003052167 -0.9999454 0.00999737 -0.2367704 -0.9154512 0.3254058 0.008689054 -0.9999472 -0.00549465 0.1055709 -0.9154721 -0.3882856 0.001821143 -0.9999444 0.01038693 -0.07171921 -0.9154423 0.3960072 0.005257673 -0.9999478 -0.008767844 -0.07351626 -0.9154689 -0.3956162 0.01065538 -0.9999148 0.007540207 0.09859994 -0.9155526 0.3899249 0 -0.9999483 -0.01017493 -0.2370694 -0.9154546 -0.3251785 0.0158413 -0.9998745 0 0.2501496 -0.9155946 0.3148202 -0.003062025 -0.9999454 -0.009992893 -0.3521236 -0.9153541 -0.1952842 0.01213346 -0.9999225 -0.002801286 0.3588384 -0.9155701 0.1815665 -0.005464378 -0.9999241 -0.01104342 -0.4016502 -0.9145955 -0.04682072 0.009715574 -0.9998912 0.01110227 0.4018142 -0.9149657 0.03719052 -0.009712495 -0.9996787 -0.02340907 -0.4286302 -0.9031595 0.02406488 -0.04716919 -0.9960175 -0.07565907 0.03949284 -0.9974363 0.05967533 0.4211147 -0.9060084 -0.04255827 0.5477429 -0.3636063 -0.7535039 0.6766597 -0.3481797 -0.64877 0.7104785 -0.03609448 -0.7027928 0.5633783 -0.03805752 -0.825322 0.2119677 -0.3639164 -0.906992 0.1829997 -0.03813563 -0.982373 -0.1946508 -0.3638896 -0.9108762 -0.2550486 -0.03813967 -0.9661757 -0.5694734 -0.3638805 -0.7370827 -0.6481808 -0.0381457 -0.7605304 -0.8329639 -0.3638768 -0.4168511 -0.9140849 -0.03813732 -0.4037255 -0.9313462 -0.363879 -0.01365569 -0.9987137 -0.038141 0.03340941 -0.8448288 -0.3638846 0.3922402 -0.8850741 -0.03813774 0.4638849 -0.5905562 -0.3638915 0.720296 -0.5956928 -0.03814431 0.8023061 -0.219044 -0.3638926 0.9053187 -0.1880739 -0.0381378 0.9814141 0.1956965 -0.3638939 0.9106504 0.2565364 -0.03814247 0.9657817 0.5902821 -0.3638967 0.720518 0.6333776 -0.03816077 0.7729014 0.851374 -0.3637718 0.3779316 0.8939549 -0.03816483 0.4465291 0.9311783 -0.363825 0.02320191 0.9977842 -0.03810714 0.05454034 0.9258546 -0.3500479 -0.1423369 0.98998 -0.03633046 -0.1364546 -0.7154991 0.02732943 -0.6980789 -0.7154921 0.03618597 -0.697683 -0.7162669 0 -0.6978265 -0.7158791 0.0130707 -0.6981019 -0.7158729 0.0378644 -0.6972032 -0.7163602 -0.003770061 -0.6977205 -0.7163643 0.03204007 -0.6969905 -0.7165762 -0.01986824 -0.6972258 -0.7165833 0.01986593 -0.6972186 -0.7163623 -0.03203593 -0.6969927 -0.716363 0.003770583 -0.6977175 -0.7158781 -0.03786601 -0.6971977 -0.7158794 -0.01306684 -0.6981017 -0.7154952 -0.03617639 -0.6976803 -0.7154903 -0.02732761 -0.6980879 -0.9351552 0 -0.3542386 -0.9345235 -0.03802344 -0.3538644 -0.9343929 -0.03568171 -0.3544525 -0.9348772 -0.03281705 -0.3534513 -0.9345744 -0.02628084 -0.3547956 -0.935185 -0.02111092 -0.3535299 -0.9349431 -0.01166703 -0.3546057 -0.9352146 -0.005237921 -0.3540426 -0.9352121 0.005235473 -0.3540491 -0.9349415 0.01167346 -0.35461 -0.9351842 0.02111062 -0.3535319 -0.9345707 0.02626888 -0.3548061 -0.934878 0.03281269 -0.3534494 -0.9343887 0.03567995 -0.3544641 -0.9345296 0.03800938 -0.3538499  
					<BiTangents>: 150 -0.8146484 -0.002074598 -0.5799513 -0.6890441 -0.01170438 -0.724625 -0.6468661 -0.09953396 -0.7560802 -0.7950969 -0.008442621 -0.6064237 -0.9780332 -0.0005497581 -0.2084484 -0.968529 0.01052017 -0.2486781 -0.9777966 0.0005101257 0.2095558 -0.9773955 0.004461504 0.211372 -0.8032889 0.001342266 0.595588 -0.7749068 -0.004306355 0.6320609 -0.4651889 0.001342444 0.8852104 -0.4237295 -0.004390688 0.9057781 -0.03446848 0.001316629 0.9994049 0.01175996 -0.004593814 0.9999203 0.4030736 0.001300221 0.9151666 0.4448764 -0.004785214 0.8955792 0.7605803 0.001275751 0.6492427 0.7896887 -0.004970614 0.6134876 0.9670872 0.001259233 0.2544421 0.9777598 -0.00514517 0.2096647 0.9816591 0.001244899 -0.1906404 0.9718606 -0.005208122 -0.2354989 0.8023586 0.001291093 -0.5968409 0.7742621 -0.004701527 -0.6328477 0.4696948 0.001537038 -0.8828275 0.4298092 -0.001763359 -0.902918 0.07404412 0.002833027 -0.9972509 0.03869256 0.01511755 -0.9991368 -0.1178866 0.01239533 -0.9929497 -0.1710526 0.1058435 -0.9795601 -0.7906108 -0.03402174 -0.6113731 -0.4816359 -0.1321787 -0.8663462 -0.4333681 -0.07090323 -0.8984236 -0.7818804 -0.01107237 -0.6233301 -0.9756036 -0.007219661 -0.219421 -0.7817584 0.02340413 -0.6231421 -0.4329538 0.08862992 -0.8970484 -0.4874998 0.1504097 -0.8600703 -0.7927112 0.04285265 -0.6080893 -0.9749158 0.007579959 -0.222445 -0.9767377 0.02120054 -0.2133871 -0.9748762 0.007784285 -0.2226111 -0.9748645 -0.0006241884 0.2227976 -0.9749123 0.003840942 0.2225562 -0.9732231 0.01592537 0.2293099 -0.9748686 0.01253529 0.2224277 -0.7841434 0.008563771 0.6205206 -0.7818089 0.003137247 0.6235103 -0.7776228 0.01500106 0.6285521 -0.7817749 0.008123781 0.6235078 -0.4403938 0.01661441 0.897651 -0.4338508 0.003196697 0.900979 -0.427832 0.0151648 0.903731 -0.4339868 0.004045011 0.9009101 -0.007144522 0.01627072 0.9998421 3.328993E-05 0.003384921 0.9999942 0.006802949 0.01548949 0.9998569 -5.545848E-05 0.003843402 0.9999927 0.4275427 0.0158573 0.9038561 0.4339126 0.003620954 0.9009477 0.4401036 0.01589065 0.8978065 0.4338257 0.004471325 0.9009857 0.777485 0.01546286 0.6287114 0.7818522 0.003846746 0.6234519 0.786164 0.01627233 0.6178036 0.7818029 0.0033673 0.6235166 0.9733157 0.01512612 0.2289714 0.9749292 0.004086573 0.2224778 0.9763948 0.01666282 0.2153499 0.9749152 0.003174631 0.2225541 0.9762623 0.014977 -0.2160734 0.9748723 0.00870997 -0.2225942 0.9740478 0.008571729 -0.2261799 0.9749337 0.002263876 -0.222484 0.7860748 0.01592869 -0.6179262 0.7816976 0.01238466 -0.6235348 0.7820099 -0.0006522283 -0.6232657 0.7818624 0.003836089 -0.6234393 0.4421566 0.0212104 -0.896687 0.4338163 0.007788165 -0.9009677 0.4367266 -0.0072268 -0.8995652 0.4339574 0.007578304 -0.9009016 0.0188276 0.04286841 -0.9989033 0.0001092162 -0.01110174 -0.9999384 0.01495545 -0.03405098 -0.9993082 0.000243704 0.02340781 -0.999726 -0.3684686 0.1504274 -0.917389 -0.4313565 0.08862776 -0.8978178 -0.4321733 -0.07089759 -0.8989993 -0.3770359 -0.1321858 -0.9167174 -0.8052915 0.01512252 -0.5926862 -0.6592616 0.1058743 -0.7444225 -0.7028782 0.01240624 -0.711202 -0.8258563 0.002833713 -0.5638736 -0.9739158 -0.00175746 -0.2269029 -0.9830763 0.001538514 -0.1831905 -0.977524 -0.004702284 0.2107717 -0.966891 0.001287948 0.2551866 -0.7900743 -0.00521401 0.6129889 -0.7611147 0.001251014 0.6486161 -0.4457239 -0.005152198 0.8951557 -0.404063 0.00125727 0.9147303 -0.01271921 -0.00496987 0.9999068 0.03338492 0.001279095 0.9994418 0.4228011 -0.004788721 0.9062099 0.4641784 0.001298077 0.8857408 0.7744414 -0.004592231 0.632629 0.8028596 0.001321807 0.5961667 0.9723486 -0.004402181 0.2334926 0.9821181 0.001340406 0.1882609 0.9773152 -0.004312053 -0.2117456 0.9664972 0.001346649 -0.2566733 0.7746496 0.004463506 -0.632375 0.7734771 0.0005117169 -0.6338241 0.409456 0.01051443 -0.9122693 0.4468358 -0.0005499265 -0.8946158 0.02161101 -0.008443513 -0.9997308 0.0545008 -0.002076452 -0.9985116 -0.1878496 -0.09952343 -0.9771426 -0.1369566 -0.01169721 -0.990508 -0.6975705 0.02663761 0.7160209 -0.697774 0.0121424 0.7162151 -0.6978265 0 0.7162669 -0.6973768 0.03585928 0.715807 -0.6978251 -0.00477442 0.7162523 -0.6973248 0.03797623 0.7157486 -0.6976749 -0.02073881 0.7161143 -0.6974571 0.03258752 0.7158852 -0.6974498 -0.03258262 0.7158926 -0.6976769 0.02073621 0.7161124 -0.6973217 -0.0379805 0.7157513 -0.6978199 0.004778099 0.7162574 -0.6973769 -0.03585285 0.7158073 -0.6977713 -0.01213669 0.7162179 -0.6975795 -0.02663777 0.7160121 0.3542386 0 -0.935155 0.3542361 -0.003303235 -0.9351502 0.3541942 0.01353137 -0.935074 0.3541728 -0.01947764 -0.9349772 0.354102 0.02767326 -0.9347973 0.3540578 -0.03179181 -0.934683 0.3539993 0.03633239 -0.9345397 0.3539796 -0.03779615 -0.9344891 0.353986 0.03780308 -0.9344864 0.3540033 -0.03633375 -0.9345381 0.3540598 0.0317869 -0.9346824 0.3541128 -0.02767211 -0.9347932 0.354171 0.01948489 -0.9349777 0.3542059 -0.01352594 -0.9350696 0.3542214 0.003302166 -0.9351558  
					<SubMeshes>: 1
						<SubMesh>: 0 504 0 1 2 0 2 3 4 0 3 4 3 5 6 4 5 6 5 7 8 6 7 8 7 9 10 8 9 10 9 11 12 10 11 12 11 13 14 12 13 14 13 15 16 14 15 16 15 17 18 16 17 18 17 19 20 18 19 20 19 21 22 20 21 22 21 23 24 22 23 24 23 25 25 26 24 25 27 26 28 26 27 28 27 29 30 31 32 30 32 33 34 30 33 35 33 32 35 32 36 35 36 37 35 37 38 39 35 38 39 33 35 39 38 40 34 33 41 39 41 33 42 34 41 43 39 40 43 41 39 43 40 44 42 41 45 43 45 41 46 42 45 47 43 44 47 45 43 47 44 48 46 45 49 47 49 45 50 46 49 51 47 48 51 49 47 51 48 52 50 49 53 51 53 49 54 50 53 55 51 52 55 53 51 55 52 56 54 53 57 55 57 53 58 54 57 59 55 56 59 57 55 59 56 60 58 57 61 59 61 57 62 58 61 63 59 60 63 61 59 63 60 64 62 61 65 63 65 61 66 62 65 67 63 64 67 65 63 67 64 68 66 65 69 67 69 65 70 66 69 71 67 68 71 69 67 71 68 72 70 69 73 71 73 69 74 70 73 75 71 72 75 73 71 75 72 76 74 73 77 75 77 73 78 74 77 79 75 76 79 77 75 79 76 80 78 77 81 79 81 77 81 82 78 80 83 79 83 81 79 80 84 83 81 85 82 83 85 81 86 82 85 86 85 87 88 87 85 88 85 83 88 83 84 88 84 89 90 91 92 90 92 93 94 90 93 94 93 95 96 94 95 96 95 97 98 96 97 98 97 99 100 98 99 100 99 101 102 100 101 102 101 103 104 102 103 104 103 105 106 104 105 106 105 107 108 106 107 108 107 109 110 108 109 110 109 111 112 110 111 112 111 113 114 112 113 114 113 115 115 116 114 115 117 116 118 116 117 118 117 119 120 121 122 120 122 123 124 122 121 125 123 122 124 126 122 125 122 127 128 122 126 129 127 122 128 130 122 129 122 131 132 122 130 133 131 122 132 134 122 133 122 134 135 136 137 135 138 136 135 137 139 135 140 138 135 139 141 135 142 140 135 141 143 135 144 142 135 143 145 135 146 144 135 145 147 135 148 146 135 147 149 135 149 148  
				</Mesh>
				<Materials>: 1
					<Material>: 0
						<AlbedoColor>: 1 1 1 1
						<EmissiveColor>: 0 0 0 1
						<Glossiness>: 0.5
						<Metallic>: 0
						<SpecularHighlight>: 1
						<GlossyReflection>: 1
						<AlbedoMap>: @Deler_lambert7_BaseColor
						<MetallicMap>: @Deler_lambert7_Roughness
						<NormalMap>: @Deler_lambert7_Normal
						<EmissionMap>: null
						<DetailAlbedoMap>: null
						<DetailNormalMap>: null
				</Materials>
				<Children>: 0
			</Frame>
	</Frame>
</Hierarchy>
